"pred1"	"pred2"	"pred3"	"pred4"	"response"
1.27652430961757	6.54428690291907	1.37452996863745	0.00893752617807483	18.469127301382
1.90075989891014	9.23843475710817	5.84336464715914	1.82813760000924	29.3555959509867
3.08528933588834	5.20619594715205	2.19047567579207	0.0643856342446816	18.315338466864
2.71896590450606	4.07166106330786	-1.04689207921468	0.404089242280743	14.8465893007363
5.71690672290815	5.28304973318126	2.01987815049555	0.04411286978323	22.930500673508
2.927017038894	9.5728323442103	5.23834120207835	0.304630845720059	31.3015481023363
0.713672117879821	3.38622331344744	3.32304266237956	0.303937638424737	8.02874654480983
2.68580878683278	7.98585590424879	3.54079416650888	0.391891763363866	25.1015638813993
0.362163315137786	3.79590958648153	1.67512172398698	0.181992046790849	8.89785075066763
2.42493192146308	1.70448110738176	3.9752069365344	0.661282610501436	7.1975864855177
2.58960147710157	1.90681246601443	1.10643795481648	0.095877913738134	8.21525599725587
6.040415841625	8.25071988457765	1.73553003631894	0.0430373008938289	32.8274862132892
5.45870910590765	5.75360376236606	4.60968035535105	0.160247052351139	24.0239984688303
-0.35964557907527	4.5094552270347	6.65756618771254	0.607714794967711	8.25445673414003
4.8801180451822	8.40737855457886	3.08073967460841	0.305774451616753	31.9276415894376
6.55223451237559	6.63155810595096	1.9368311897535	0.252610098559521	29.6574408718159
1.1932652805947	9.67438764065439	3.40288162980966	0.358603248331079	27.9513113210984
2.55856369760544	5.21458711927728	3.11512087957042	0.224659322618053	16.1347163855389
1.68785690707427	7.54608126556996	3.47953588131127	0.26450700722179	21.9216542811755
3.85906547747697	5.37875737043416	2.81651206415532	0.162013939271534	20.2745102912458
1.75806011232083	3.02967226702904	2.65536123961329	0.0116609915758791	9.10389282690117
5.35789684378308	4.59558681466347	5.51969428446458	0.536123028647268	19.9970621126753
3.59701995574222	9.94154934735369	3.62725772177995	0.200156794557621	33.4802015863594
5.35808823564978	8.64914553020334	1.51662889237093	0.839738807419487	33.530932631939
1.11165959274163	8.99812739397004	3.66214595476386	0.301552706777594	24.5774417239093
4.83621544288392	7.69060695733546	5.46338577077994	0.288145630261433	28.7797555115511
2.7076226646215	5.44424701047897	3.28186211773816	0.272062902891188	18.0880232698702
2.3427514021665	8.40043944463336	0.293602249460071	0.304712556836592	27.2907714990029
3.53802936319602	14.2817098876522	3.60806852450588	0.666935296816363	46.507744155301
4.36784705533111	6.65465363141488	2.55775971881356	0.0357748266441234	25.947810220671
3.8693167238174	4.80115089735967	2.2390302729304	0.0649105482870758	18.3914423437011
0.714494658340483	7.05573061465249	5.00515841315559	0.929705050222073	19.2720156127935
3.39566783428244	8.17459415874455	5.9353489062991	0.151869452622558	26.303816303838
3.68903177847498	10.8928025382759	2.93151621070868	0.0849411161387891	36.3560282277454
4.48601990902438	9.19655743149376	3.11548645634419	0.0859212518694197	33.6476418772139
1.58122830072348	8.33127114838452	2.42416262625277	0.176365132051259	24.0200533742364
2.60567918286801	5.32901405029676	4.31604426321863	0.575236712415467	17.5510586764387
2.32704512366233	4.70737068653098	3.01099297753212	0.362441869964429	15.0008656879504
0.376055958010916	6.25060753278382	3.46307954549941	1.12677344251611	16.4582816987482
3.25681987624222	8.30898962689247	3.7585761713774	0.173181609689773	27.5928122739869
1.8916047182183	8.68941597340021	2.64331218742825	0.462116039516234	26.1504213147681
2.4018796121056	6.10351509561107	2.85365888592655	0.680574147603213	20.5718685289413
3.97339409146593	5.75170780852116	-0.407475828628704	0.394146689283425	21.9652852582733
6.26659776290764	9.95373547592875	1.87539084674014	0.613590504951967	40.1191117148407
3.89388935704581	5.87491932637383	0.213590180809893	0.228313528528435	23.4210679207016
0.925048659633789	6.06898090309856	4.45735337667904	0.0938005545720325	15.940586404097
7.32920822722948	8.62609236757296	4.10448158176183	0.318852410089439	37.0023411401261
2.73413185429442	4.29308003189153	3.50837174411367	0.354365982337555	14.9948221904323
-1.21851272761483	2.38446239242225	3.87728409155962	0.548942242857729	1.61206142495297
0.800030632350189	6.69951271494588	3.93611604821625	0.019850787925113	18.2782676955885
4.67503504510823	7.29441068507207	2.33080346613875	0.104102354692646	28.0935661042662
3.45941213475012	5.74360436332212	2.2070403319536	0.026321160023881	20.16664113025
-0.352350499862713	4.94795352087155	2.60619555475838	0.196722213686562	10.2383280806086
4.73886233742252	8.3786314955392	5.92894150446877	0.136986230177917	30.5846759571713
-0.914675826238357	2.29702337701786	4.34354603385019	0.211059485260374	1.7715477914046
4.42084000635943	4.27410442454886	4.10604706849201	0.643264172810676	17.8976465677374
-0.413160109725292	4.37050855678079	0.926695675793774	0.00589522695854305	8.54482923344843
0.154748939069464	9.16439616915792	4.08695219032362	0.967315939756704	24.8731582606065
3.29670226856455	4.26957907047643	-0.286678607625062	0.0521795026055028	17.3459578865706
4.10474403195726	9.09224942075173	7.09251680377672	0.0435003417235287	32.2806918253554
2.74362306481707	9.58969207660284	4.11683682634585	0.275287290812437	30.9690159153258
0.818259532917485	10.9608148268981	7.3184855752898	0.030832193559969	30.7950456308528
4.81811247304205	10.7604830768249	6.33002358481056	0.210992365771425	37.7710013220047
3.39249647158312	12.3545534671568	2.21184833424016	0.535478349203948	40.3755508018804
1.73332487009745	5.26401716043259	4.44265006495721	0.431291873256961	14.643208558488
1.39610428632695	11.0745370591822	5.81212079831213	0.0121765420738746	31.6947199822988
3.53910464342547	4.47207218114021	0.854833193973635	0.151784899905047	17.5117513776361
3.03936897890873	6.47004732168398	5.90492602518667	0.0674356239664988	21.2424451903723
2.80358527372589	6.19339896274356	2.33357009132073	0.0669001206524178	21.1302282645335
1.39300797247305	2.90615260282039	1.79706307823981	0.199345236578541	7.08391508552044
0.407943994417483	2.18926301697081	0.953856446586996	0.132261744841353	4.16159819163823
4.90914417502477	9.20098539749035	-1.74608063041584	0.327229224950657	36.0797561327015
0.980362877669519	8.08694055992016	3.65471098146693	0.0213261090404466	22.3985950956734
0.747403817740321	7.96691670598088	2.04771932142812	0.581146665236307	22.3388995733904
0.457686625142843	6.83518050290774	-0.144933815021434	0.324648089732935	19.6454367361743
2.56592507610093	5.9813643475238	2.56259110104702	0.108185685289497	20.2300943255807
3.02772622618618	5.48624702633298	4.09291279908332	0.173233808359438	18.3382988700032
2.33471033277909	1.04239110287176	1.84617949303647	0.113625324448815	4.40251482396329
4.43448364854902	8.05332771740434	3.97978718895845	0.851483053294261	30.081951334456
2.29760660111438	9.63932466170861	2.32363930644395	0.0127298379809586	30.3116307985075
1.76272680962232	6.31126722120845	5.84373771713069	0.0446264515656751	17.2690831998034
1.82812179085789	3.51954798376694	2.77936702288068	0.0263457613132674	10.7364597277081
0.041413310101674	10.4702145525391	-2.12927078637736	0.0184899234153304	28.5710256225248
6.40575841933035	8.80455821244379	4.8305872581995	0.215252254207621	35.5296307100773
5.40845904748832	6.55702370771185	4.67730072021735	0.164167241577755	26.0340272871959
3.94709982307203	5.54570598056072	2.32967288967937	0.205051821677188	20.9712692127585
6.12959386609102	5.69094242812831	2.23887550035472	0.120329079339964	25.8845771478836
-0.351804646869971	7.99152859746384	4.32730306095647	0.0702160563264909	19.3547124791067
3.4609312359008	4.10009713251925	3.28034191178413	0.0192818447321727	15.813415140711
3.82309627191853	12.2747025781281	6.45742650404559	0.54114364302768	41.5102647893222
6.08359040312759	7.2507392412734	4.67510806010328	0.141635104036231	29.8120875353506
3.20814319244079	7.19577745591595	2.1507135087223	0.105763163143921	24.1054515582453
-0.910903891168442	8.45573373093341	1.05461781890728	0.0105396760579428	20.8382249598397
3.15213690392454	12.743232472885	4.10314779962054	0.551246063692344	40.9765679814599
5.04032568550416	1.20363461908088	3.97182466584635	0.140755478588627	9.60477035953035
2.34731560366294	3.32807066809815	9.50612953423271	0.458546303967969	8.43810583138279
5.00647939995726	8.76914326394332	5.15245975572522	0.0140159269080828	32.5000847340669
2.21338342919493	6.6220347871368	4.03271209191236	0.0462635677572932	20.3734876418276
2.122108841929	10.5516057157869	2.96546610513506	0.697653115610074	32.6542939796561
1.49895003518708	6.46754428738943	4.3904931486926	0.322611379158562	18.5487786497773
-0.276360008994923	5.51679885642511	3.5709851311805	0.163477500427289	12.4573881347561
0.915589928957528	10.9773226787794	0.682124068897075	0.234108969267746	30.9356505093221
3.30142854067228	7.82088701101926	3.2237514940133	1.12661785487977	27.3415684893622
4.61586463460117	4.5617163341565	1.80395771212327	0.0413328506097672	20.0942851455095
1.58428076275423	1.78063539688682	2.49061233410441	0.460194439895611	4.9694236559869
4.24335387913181	10.8857529235756	1.50783545819778	0.130646850134118	37.9267017232458
4.40302892980571	13.4651090698104	2.14137120031191	0.517766179183174	45.9725006202995
5.21438716746472	8.36462322644623	4.09841338879637	0.302688565561813	32.2257558400858
1.39625729368546	9.46101543826959	5.84083885072882	0.280538586393033	26.0858199360425
4.23103612979279	11.3186584205249	1.62010064751712	0.193154050395865	39.3793791910633
3.04526838389255	10.4516868154617	4.86077002542264	0.0285147421612128	33.1103646770162
2.66036920235555	6.56568698952362	1.84189075868067	0.138910720896463	21.7646839562717
2.95424850726182	12.3351739211517	2.92185441970071	0.38569542535717	39.178708180413
3.98945564722034	5.84435904031761	4.42421985666191	0.191462862869932	21.3227862836371
4.48651577036529	12.635506105852	2.66215031436231	0.492714164182326	43.2295441906946
2.46275613163151	10.4576496221573	3.63985515788789	0.371994939065114	32.8561805513317
0.99416219106065	5.83569796472806	1.77212640497332	0.993205610680098	17.4308140950098
2.07597853260022	9.41769898424178	4.18171026614141	0.0772221652329985	28.9940334563531
1.58621021488973	9.1482859579339	2.6755601940085	0.562366530631799	27.8227151319843
5.89070173581203	8.04847591345771	4.02933778626318	0.114960599468746	32.2870020165634
2.7893104097849	4.05391203827965	2.4131899427583	0.00105387858703249	15.1588136594733
0.336465219583527	7.71998612662248	6.03454598085999	1.43333816863589	20.4015608305561
5.05566664524343	5.33799989884301	0.208692020451934	0.0627564880532851	22.9502801487258
5.24888228533847	7.1760874310184	0.468691526132281	0.657605043940392	29.3894114839237
0.589450326623151	10.5376751198645	4.56353247957963	0.167888370969057	29.2791602759523
2.93697559871268	8.79219448738258	1.31783990854894	0.173064293250245	28.2128534642901
4.99515986958132	7.48092171428093	4.21816516680224	0.130744642565026	28.4724293161104
4.39081787748195	7.85660035293055	4.21824701775941	0.516119163401022	28.4476449705137
2.46987590742927	13.306655277262	0.78005505452129	0.000660811631419695	42.5572551051628
4.2154205572656	5.62398479426793	4.95646075694393	0.0358299300093659	21.622762517232
1.8500879972856	7.77564479787778	0.762789390371055	0.130316789888962	23.4673274934561
4.7387873921091	11.3289709075948	5.26392495366764	0.190958532863227	39.1180950629042
3.85173109235672	6.1657324953187	3.66362862916166	0.188406636659328	22.5968750277859
5.20567901734733	2.39697271971363	2.33967778343558	0.349282617084866	13.6241032389182
5.50429963394321	3.64539001846534	3.87416290433503	0.736317569479737	19.694938972742
2.82085340807049	-0.4528261353688	5.10477205461251	0.425278800984827	0.606150689617977
2.99374962408946	3.07625768543267	4.38411905410722	0.087546105565225	10.8208020475562
4.7219319437719	5.30406561832929	4.85012550641259	0.0469529931193337	21.3143263802185
1.66850859868558	6.97436878532511	4.40732022137377	0.0737175017567122	19.6377174468676
2.22765544144498	4.59275459167305	3.90059600225401	0.16921154443315	14.3821762080343
4.16558292301122	7.9444093110731	5.60317070581662	0.082672981630749	27.3548666840157
1.7189996770942	8.12103714276319	1.91872116180334	0.0113625014094492	23.7043944931706
4.65065190075345	7.19607751113994	3.73055659013115	0.00195942776195778	27.0193234887619
6.30075127832234	8.98882930004207	-0.101075410239039	0.128086885679042	36.6975161551652
3.08402403244169	4.81116439681347	5.72724829502252	0.0805545830677242	16.0947224411377
1.12864303360981	5.40406867430537	5.9115279350101	0.497268706191019	14.6134362682879
3.66171101958654	3.48709205885368	5.22873347802096	0.735147912203812	14.8522696129222
1.15902099864837	3.05862361389156	4.73793119997163	0.902008211987276	7.45935666947779
2.08463586130167	12.945203541296	6.34321462920797	0.147544488888395	39.178903233235
2.3774968642382	7.16754240545727	6.58764896128726	0.35710696045308	21.2679835624045
3.47604804856201	9.94063080616927	5.81171714987684	0.425174264337831	32.2666405735187
5.38143579617556	9.24302056268464	4.11894161809603	0.194553287917321	34.5532669153847
2.08803295331453	3.4530638347053	3.60876697822214	0.658829719302327	10.8917790768261
3.79060337283617	4.15688480956647	3.68751006154766	0.971259633049938	17.2045747278618
3.46985401220871	7.60382317735546	3.34256840675817	0.138324061559355	25.9706855068832
2.90427021419255	6.54412496260242	3.56766842544791	0.27602003239421	21.9420177833959
3.02522964268223	8.02474269381251	4.60003788712091	0.251086480034669	25.8830141208333
5.95333012597428	12.876982398283	4.44343517588654	0.105468996221491	47.3138766846153
4.44745493956251	9.54544685049598	5.36309337818963	1.39674168945429	34.995877882773
3.89365615376229	8.91500721739839	-1.85754806847573	0.263693542959145	31.0194046965221
5.88624149573979	6.8497062433688	-0.528139627715435	0.274266638057516	30.0593094038054
5.22961192814666	6.9355841010827	0.171779674554224	0.538920626670808	29.1159188595674
5.34582016186145	5.45491413763768	2.78520312273122	0.212745540293144	23.942333052217
4.81103651159784	11.8970561758232	4.77385517573551	0.405602755392484	40.9823281421341
6.06010118389423	12.9001994669923	4.85869698994851	0.280500083050163	46.9675139534208
1.90184022245617	11.2243007692229	2.97348845705276	0.471255648993095	34.4422511459803
2.72437120519144	4.28979496609468	2.00509788011949	0.0046952983402098	14.3079691765039
6.58371975626383	6.83757969881996	6.4501977421431	0.232575860915751	29.1158910833102
4.91919871330673	6.15829148730255	2.77106055804026	0.129594737524789	24.5256501895748
4.83742545023326	5.08122790255507	2.81621848434887	0.0893264182656652	21.457450027194
5.48268468481151	3.33450369307213	5.27353703436512	0.693073839022535	17.4631268592521
1.6447217648164	3.03829988015356	4.49699859005819	0.284129621192477	9.32515326070062
6.65617279168159	10.1618862507404	3.63518134192415	0.669526875989476	40.0320934116611
2.77204621076248	9.00687991265217	0.828119237361517	0.54331473983066	29.1226716101135
3.62336736254618	8.53562601282979	2.53926792762323	0.230014673016489	29.176272780312
4.15535996593445	3.44701079606646	2.32185336553486	0.324452206201801	15.2087181532592
-0.953041113836355	8.94282962744026	4.75731976574286	0.166086268096787	20.7417323077097
5.93194754281981	5.46516413905477	5.08558921318847	0.745212641868838	24.6482174106519
4.58052430915233	11.5833629110635	2.72822775414514	0.174939800384497	40.7769229913951
2.17431902016013	6.35988552927071	3.70980223734426	0.00850393513554869	18.5365826527483
3.85307494659233	3.69096275766624	3.7880751762529	0.335164479478709	15.6752319050467
0.582170796666761	7.57207889517205	1.93416754012383	0.0583802143900978	20.6191752530957
3.22790658904193	3.62518966695252	5.00991349694628	0.0550674471738192	13.1483205442465
4.3474431076572	0.698080098000887	0.728687121916725	0.469984814538871	8.44561145920281
6.33725005641085	11.8549315978111	2.7006028290436	0.995780498816281	46.3883955092809
1.19734656200722	3.39680685494689	2.68405606349143	0.0413041411200278	9.4380110103011
4.80716178022854	7.68365602595115	3.57573359975014	0.116469587482015	28.9741471426005
1.16774802281765	9.95800436365204	4.47318629183576	0.893599563332281	27.9613073517686
1.85168388070356	2.2231163293833	5.3213927181779	0.441138031537021	6.69073686624101
1.91531205467292	5.59674636228836	2.34902023413628	0.275458845455314	17.3221007161177
4.91757382348976	6.89352047830503	3.65982569108434	0.0977545055315066	26.5708314388713
5.14470992001267	2.01941881981561	4.12707109726186	0.406356681416409	11.6559259128719
0.715384075396516	7.75625447285929	0.270011334554006	0.312376947519299	22.7058859554521
1.20660414515814	7.85175900835829	4.55119322380289	0.335116795649533	22.552588065017
2.37525775070704	6.59359432125104	1.5518672454397	0.594736582496503	21.6402566552933
3.66877925444519	9.61419091275922	2.44326799465896	0.16926608860344	32.239918183409
1.96986658742279	7.40856376509991	1.90795494525816	0.09907472307509	23.0902909318451
1.36987518747239	3.09851822441719	3.91769692089003	0.00578726132967808	8.10754861702769
0.372881227803848	11.0155551690803	6.33760395838303	0.00548593711518101	29.5251433815914
2.09260457258291	2.60277049421245	5.13507360328261	0.749027745400369	7.13104628224591
0.281447268770373	3.56022818136096	0.803092169610971	0.0966562114632172	7.95738592403134
-0.51789330443564	8.30506361479577	-1.90181715987882	0.246133267482125	20.2467639481383
2.54752300681279	9.09613405014752	3.60885444050592	1.38461715373337	30.5996541983609
0.583886568029583	8.60477793835617	4.38502027930694	0.0885470836370306	22.6983771603926
5.3628750687532	8.72339563408971	1.22431925409395	0.385649837556111	33.7325270781273
1.70145171037761	8.22410785335222	2.69595004986305	0.017819662046429	24.3154140503691
2.68031773757125	14.0151498167188	2.07962451020797	0.123704409426566	45.0856494093837
2.71021400692706	9.44425949902809	6.68685684070983	0.158295074741194	29.7666893400405
3.86220462571044	8.79501229002171	4.09618576928241	0.00715901552150227	30.1175069271052
4.16034498655785	8.43041774327142	5.82204054456946	0.760463198846054	29.8579473648027
3.35499881458781	7.00905137627636	3.40038022881729	0.383361805578828	23.4250863006644
1.80272484893922	6.1967576510581	4.4951510810104	0.310588279632829	18.5113061918792
2.64485586265838	10.0182484368298	5.23169143447481	0.341471036663194	31.848990965551
3.43335986677082	9.32611761349769	5.99438906510249	0.394758661657093	30.1504274050386
3.2349294185616	10.3734143188364	5.55788002996816	0.0570648217574335	33.2018593323185
3.01189242059218	6.1980054234973	4.07183426435369	0.171558381511203	20.8383395660126
0.579984131254959	5.22506910132077	2.82307732995186	0.148376062958479	12.9948374921156
3.61542740796785	1.71484430716856	1.7822852315637	0.462416327500436	9.70127345535335
2.15703338892954	6.83998078711724	2.26350050554069	0.602981950745208	20.8163598580568
6.97647368177323	5.54116945581653	1.89347863506761	1.02866565712128	28.1035064574939
4.00523377036763	6.11040531212564	3.36342240404407	0.422931720499897	21.8553087683856
4.54960994417746	7.28703570609223	4.68695461303958	0.310146655806355	26.7497898926332
1.45337797131095	4.35228311228784	3.90543794612247	0.432623139866981	13.2683061992498
5.28275705411173	5.00504903571572	1.37373011056338	0.0674661263036607	21.9752313295908
2.976992158828	7.36881806715064	4.66830872001099	0.0180307524973861	22.9618308702729
4.63612600790363	13.1712897041399	0.853649526045779	0.126423438116603	46.1660839617938
4.29822590981598	3.50910707055359	5.17320488789791	0.310706364679201	15.1248429446397
5.8394251885854	5.77029314851157	3.93683355080282	0.161291936330983	25.8270367518921
3.36278011523492	7.30961885150864	1.81094228900028	0.158491570138699	24.4290600962369
3.55522822485854	12.8758608290499	1.95302317229025	0.564049235200647	42.3134358501722
5.04318321925836	8.36690524753322	0.977913928774491	0.0194728008312167	32.7304577268016
7.06353306005943	9.37599974168482	5.21258460853328	0.0953545200083592	37.9364530919852
3.32364822014989	1.41847986765149	4.6190030333476	0.473944489812918	7.20200941727346
1.89735476972503	6.31905873252003	4.96286495031826	0.75585689895722	19.4625649256875
7.34371621588213	2.46346698018289	4.1388521422822	0.800460615273383	19.5709108698185
2.45013889507278	1.68273536624523	3.54994157994854	0.191966681636802	5.81873181779302
4.53671418709776	12.8176687200998	7.53540830335783	0.294581933391417	43.2058255418359
3.88917889504078	2.47945972399704	3.26680084610738	0.044272041703512	12.2278288382466
3.09975940150175	6.35756974179852	4.47800028340159	0.275531468834841	21.5023717052018
3.15565882292354	1.89586736819252	1.17464809500767	0.0458769765669643	8.35191305892682
6.10087847866649	6.24704542829837	5.29090381871917	0.025673106100915	26.6181929433557
2.72919293614854	10.4240227768361	4.73605054417788	0.296586460916226	32.8749349258787
2.88067206145127	4.82037638381093	4.69098827228434	0.368351123304035	16.9393631035959
1.90456172165284	5.74728135262546	4.280475353645	0.13266881132863	17.2889356177416
4.81720360178828	2.46974775495541	4.19195433021725	1.17411319290181	14.1007856718967
1.28612992859464	5.16783360981634	4.63470625878466	0.00317214003001164	13.7208817053939
2.38673177703479	7.90789141712817	3.69485076369978	0.39378094036128	24.5764674123609
-1.79533230061711	0.0514124923138493	2.42003152336512	0.361882552843519	-6.65110308340424
2.0146841157835	4.48508837556263	4.66671981289122	0.170879167930782	14.2947635694419
3.92788121580582	5.70625048403354	2.15714106447605	0.588324708694984	22.3240118769526
3.17493783363644	7.24641607916564	3.9245458483198	0.0710351969821143	23.9217624170297
-4.59966340434682	6.37211422551093	3.51267140921978	0.174353030826364	6.69593754568216
2.98111894528808	3.70831229937855	3.73896716714641	0.146396352323411	12.7841623437179
6.47579698061821	7.0061184713129	-0.220815965581699	0.594717966097241	31.9388016870643
1.58075758166016	8.65108357452947	5.88537601960544	0.524103859023316	25.7193116196578
3.53244612104044	10.1733644257876	3.19017487210371	0.382046612929721	34.0919281233219
4.06231659257828	5.65138278639875	0.814354133231577	0.0215738502934587	22.9117983181659
2.57433125071739	4.4801268795461	-1.17074501753446	0.27186330696729	15.4241212189376
4.16398312680543	7.40262212586028	1.04342152941599	0.331490679135399	27.2661079090969
2.87048681590775	5.53664790671404	3.98217666085122	0.181923305617613	18.9157947305226
2.55716716968717	9.98644315578296	5.81168373436908	0.266121000348872	30.3494628615509
5.67133557201969	11.5605347493828	3.20831504408954	0.382212003934531	43.0669771689155
4.98836811243388	5.78641496209451	3.06215254054857	0.195901610011352	23.5989428186492
6.37083092790144	7.15265856437949	3.67464697594453	0.57023454407232	31.1941951183402
2.94223323867923	6.77501855672471	2.43603079885062	0.0794649837617111	22.7220305833736
4.06638151744674	8.44410414317003	3.13807419502853	0.501806905326611	29.2218286058962
3.80990388089397	2.87962921351592	0.846228912272286	0.930745673717673	13.3173507738024
4.54644381447793	8.28433639219294	1.56084909000951	0.150352065549454	30.6291214897992
6.58889155832588	11.5247653231399	5.24131369609614	0.0252290500394076	42.9643039362577
1.03442770991265	0.24838908333208	4.99443760809872	0.279122131887557	-0.650411140983472
3.88533356307556	6.10713846604364	2.90117903416552	0.0781769339248959	23.347959276275
1.02673042385071	9.50242355036134	3.35370711683771	0.621858398408739	27.0589453383133
3.81458252489171	6.77012972868424	2.31635726286909	0.12057641564813	24.8017327799875
5.43827666904891	6.59339741331131	3.40861618182586	0.33845300330929	26.5456149411107
2.84093381920685	2.13517562289156	2.52818043868122	0.156828371121329	7.6971727038968
-0.895208672849717	3.70202497426359	4.36686286316495	0.306553532803302	5.38586783389189
4.85534211138051	7.08871433925003	0.979226398601096	0.0751384221483498	27.6899852301103
1.49592620395347	5.06226601227209	1.73976674286593	0.45975467991224	15.1319049581051
0.637530325368258	6.39237456524976	3.73925187480315	0.0251746133729055	16.2377155983484
2.87835554491886	6.66891766478582	4.62588523412544	0.109013020552618	21.0659225166096
7.155697109779	13.1283051885588	3.74526823618945	0.32415404671518	49.2913628794858
1.65524955761012	9.40018249480349	2.71502527411208	0.216011235062779	28.0207335896966
3.7111959291365	4.27307875538204	1.66153838872315	0.599637798490109	17.2341725737724
3.60144801174433	7.44445527501618	7.00895863670486	0.443802722513322	26.3557141219026
5.81121518722412	8.41939134003963	-1.18899840735511	0.257721197753136	35.1946272876442
4.62410573691335	13.2482603704888	5.07457743148275	0.530348021303837	44.8463444190957
0.788873780976072	3.07813424589723	4.14591709813396	0.195345009534867	6.46606810994649
2.94743881463571	6.20387042832267	0.396424700479493	0.367396567128047	22.0691479354312
2.75201774275306	9.97177115408812	5.37594222122921	0.789697157329938	32.4278137863609
3.04653776475166	6.55357857789348	2.06901645718694	0.319782182874082	22.5419325293677
4.27391697224951	6.86985899168648	1.20134107044217	0.195232924026506	26.3074791492554
2.71841280475659	5.10971712797189	4.8404509859959	0.262789835798539	17.8601136241988
4.1471757831126	3.08238516647529	1.59026807834804	1.75972811670655	15.8772683184361
5.88836598220008	4.53050498848707	1.90033983140905	0.284591119812151	22.3643713904841
4.80079249548315	5.38357901211203	3.46342357732778	0.047818048976531	21.7161472634759
2.57581826295334	6.6337749602452	6.1544218649281	0.435356975327123	21.3754465395889
3.9141280002684	10.9756464497382	1.56327847431108	0.346484683745853	37.6540006310359
0.486898126382813	-0.580349710410486	-0.711142815727128	0.504721767322749	-2.96978510418372
5.3471267847741	7.72144761141632	4.51618369227935	0.459012234506449	30.1131300974662
6.07737181423014	8.80157948291012	4.34904241530564	0.219673315031482	33.8527528821638
1.71513066012375	12.0666219502584	2.66399577392122	0.45274082834878	37.231444009344
1.53606979474933	5.85689704121046	2.44580344408055	0.346180443499871	17.9160184012248
3.52902952572216	6.88460896069586	8.67873433657873	0.473891066436131	23.0974098755993
2.68376992319556	5.74721269767184	4.27828753110789	0.0968140839871921	19.0669143747354
4.82919716696417	8.94921455990618	4.06105186569727	0.0827104401571572	31.8451062137932
1.1414785657291	7.1809861219698	7.17949722834694	0.00165322755898031	19.1499667888618
1.57568674598118	13.8200943780872	2.32779092985739	0.215186554195803	41.0085780150252
6.44406604731712	10.4893828349317	7.44583780284713	0.768062078592493	40.6251800806027
-0.294784126667036	9.04058740934934	5.9127754201816	0.189202624972652	23.1159240297948
2.92890960058054	11.8891696925992	5.08410540705071	0.152727653338964	37.1949914905479
3.14458125985368	4.18116720610636	6.47359761379511	0.0515983785936067	15.1707231604666
3.40058261390216	5.58248360694701	-0.994037222336444	0.0671514670001432	21.0630274876735
4.61268814717434	8.35368778995833	1.17427670578546	0.158940412273242	31.6369933529331
3.22217821023342	12.03502653482	4.46583606417355	0.0514318950084819	38.3239818205644
4.48636380227023	9.92081034773292	4.79201141657094	0.383145786489548	34.273585520914
2.76178884981296	-1.11357680638817	5.31272873552139	0.157397286331413	-2.55216811325958
4.75799835268941	0.590469387441238	2.64033728336979	0.0258736682821578	7.95649948678934
6.1935973669756	9.7555297090679	7.14861139792691	0.271287939211451	37.6646518709396
0.442505612335979	12.4975423111053	1.58543944168744	1.19244643952287	35.5686875911105
4.08223782391036	9.88834466612654	-0.540511442942242	0.223868660051951	35.0439956254275
5.03257606972116	8.53312189449997	3.2177344432484	0.123329969442471	32.2471703792772
-0.148820676633644	2.22206144908388	3.9042354143778	0.445550431665413	3.36600034341371
2.05159429927391	9.42484437917061	4.49439421782232	0.0823090352625764	28.168488106606
4.63875468941534	9.77882763897266	5.7524951654148	0.216302780584236	33.9849237265763
1.1356375688203	4.46861562686903	6.78795806312955	0.188711641691945	11.223532882903
3.31598787407351	1.89451608217959	-0.150031903556352	0.131487135190473	8.96425390183741
2.47750532693484	4.45138112379917	4.09355609932804	0.412473159901431	15.3784611088055
2.68139822168423	6.95293994277923	1.75940809353023	0.776277777399266	23.8921680070229
2.40591974531754	9.76806186373116	2.58135185021572	1.08909285876274	31.298534109141
0.787167572406612	5.40648289552328	3.22226454275441	0.448793158435454	14.5118436330812
0.853356169034916	4.53406784661554	0.892771252439041	0.361613907910362	12.9753619747194
-3.67817278542184	12.1665797586874	0.976446360716618	0.580064960999856	25.9365798165286
4.20544337279488	3.4120707488585	3.29347466791211	0.477867342629982	15.3572245690687
4.63525789957146	6.99806920798826	7.61869174877317	0.0303341841632011	25.7885004970064
2.43567136537202	4.57466223504807	3.50563834419148	0.0095425676649319	14.3618681369408
5.94267012924877	5.13459002691281	4.29268509723417	0.303812259123024	23.7675371580881
6.49863547269556	4.98952505953981	3.43485325160082	0.0507750954205081	24.6049966279817
4.30893456059895	3.22479770786145	4.97527036746265	0.127998105525509	14.3996774457419
2.8930121819379	4.37510586658488	1.04751138780913	0.0255665508938399	15.5897033660092
1.23629358589671	8.82326113849055	8.1209751972411	0.0187997889881452	24.0741709022533
3.5987519262893	8.00720689559436	3.16949687123103	0.769492851106085	28.1318224901964
5.22578493740798	8.13557789134512	2.27847096569495	0.0501919022597028	32.1648974395753
3.06227401453391	2.34362563633198	3.90481203563052	0.147078937341663	8.39171082634127
1.57179808018877	7.26854569992075	3.49189055848979	0.546265839799981	22.4816765875803
1.17291346860374	12.6536047205054	6.41893127154988	0.364097501756477	35.7412176851394
2.00580474764491	-0.552705389103227	0.338499699361644	0.19230913632071	0.243509068209706
6.61650667389592	9.71061786516319	6.28046008743462	0.517543150790739	38.7218045633873
5.74444783194507	9.10891063360173	3.48393721943437	0.725849419770306	35.8316435319911
2.10720418356028	4.5229714336792	5.41686101363388	0.38272418126218	13.7609247600253
1.701960120595	8.63907789432106	6.38880604526513	0.366627626030379	25.3818994114656
1.44948826732586	5.8823229230688	1.94583244699392	0.491137044439838	17.4145391160256
1.92909352406104	12.6065274951579	4.28471367564944	0.0773792921767033	37.8170727898709
0.684018147705163	0.291313638335953	2.40951539403687	1.80243942622741	0.230553239363175
0.907072713591246	1.63163173608884	4.0298604250746	0.370951397291199	4.11471155258986
6.47455125699101	5.54376560498055	0.590979754027705	0.381919379037032	27.1101498360303
3.12917031155612	7.03243938690149	3.21182659384093	0.0640850173556374	22.7356294979139
1.02437991696743	4.53524446066812	5.03111061214381	0.182620036680414	11.9376973257915
2.88845780699215	0.901294780076013	3.82378131838135	0.778528792737425	5.19161249522771
3.90738883190758	8.17627376390254	3.97079977904557	0.348773299159511	28.8064495776513
-1.92747018372053	2.66160933459039	5.30404520933284	0.308278601786373	-0.0372876777493136
4.50842971242819	4.29685472824027	3.3943929461483	0.0913485973122032	18.3656924263172
2.93795415416905	3.71222447950369	1.74867323323176	1.42081618346639	15.4484524743052
2.59442905189084	7.67529369831419	2.71171657235486	0.424657904822983	24.7134495437097
4.0586855421207	11.526577880872	8.32873309869377	0.89687851877311	39.0009598511147
4.62001923601301	4.3016935923264	2.05921545674934	0.186876957664105	19.0094062642942
2.52551404728964	11.9205357029862	4.34402642964021	0.417584384198822	36.6600661091136
1.37550299393604	8.41844203847398	4.1240809475895	0.130005804955659	24.2679758904093
3.18781274231269	4.09044947200667	3.4435816861575	0.038931655081575	13.8455632115957
1.56549414333262	6.8053467835612	1.9295830101458	0.769867599755211	20.750420977241
5.96542582019671	7.64178996233391	6.2540823520293	0.382456123231304	30.7132492093183
1.56416647126277	7.26366139981096	2.23265774686616	0.366775244584253	20.7505868764657
4.84130163002737	13.2322293784526	3.13353502981974	0.0609565708216996	46.0249724361855
4.28051571019729	12.2884130808534	2.46148513343227	0.473468543781703	42.7681902773363
5.15634075601773	9.05582979116775	1.36842615083637	0.0425542657315005	34.3882114338986
3.28901382506781	5.87663693241659	3.72687977133545	0.535166861963993	21.5804968833466
1.76705641394222	9.96750027769853	3.21468759406729	0.387068628760614	30.568997997898
4.83097635870101	11.8757958223787	4.66177151351701	0.210831953227835	41.2317488054956
3.11382344326455	6.86140278740741	5.37418064238842	0.0738205150648817	21.679297418311
-0.349102233913898	2.72087992615386	1.91208544341525	2.32006123092132	6.7889613358935
-0.69269850102777	5.71490268847213	3.03205556987159	0.408624943083845	12.1924207498866
0.148951800831063	0.0841124137798577	1.62362911038469	0.345193759466151	-2.38732730581566
4.54141321025676	7.12407554392352	5.68916431947139	0.119308710904019	27.7966055838685
3.73951247397344	9.8652413586582	3.00798408356732	0.22058417117923	33.3167392147019
3.55483937326093	6.41852679762617	4.13349902163135	0.0231511428991614	21.9406477774588
3.11457829699596	6.80158634856079	5.95666456209665	0.0609451872203441	22.5252384027702
3.30393493616001	9.10604385489205	2.64266576416531	0.246833579246445	29.1779203777345
2.15656816991227	2.99198329242157	2.03322220214805	1.14454379694932	10.9534169240584
6.00608514762029	9.45846044523958	0.760325170962609	0.270910464736902	36.9165333650916
2.92476632882569	9.76783478089297	0.89435732140699	0.228321381625854	31.5200158411967
3.44878124673798	4.75663369035438	2.951693794981	0.197224255358315	17.9451544026473
3.87792049793698	4.04550592481596	2.54559442541491	0.227140389885274	16.2418087204047
5.4419935167874	4.37370192376531	1.71627880946858	0.83681200889785	22.4664200367894
5.03613325934136	11.6545514277379	6.19158505293386	0.175235235263544	41.8953120007473
4.45373093854773	4.12451763135059	3.53979869653145	0.349120768617479	17.8231533289939
3.37715268310356	7.88338606120524	4.66525433180877	0.584081880651755	26.6969155698086
5.60630668933478	5.22493707295344	4.64482424404516	0.851851014727063	24.9916808555323
5.62681804300926	10.9785821928818	3.10299085753517	0.0160324380899889	40.793502289862
4.1948496811962	9.0954201464884	-0.307537479505115	0.134561914865463	32.8272272094543
1.78746521743914	8.46121401927697	6.87306344063125	0.241421187764571	23.4180595410258
1.0995742482544	3.65696694178367	-1.38682991078824	0.876361151859851	11.3669719761251
0.907541669548412	7.12733362896131	3.62849396421227	0.216680610444578	20.4227344745188
-0.410216948434423	7.36134508312173	3.06404124964626	0.0398253460939041	17.1374515064828
3.41949402888211	9.77782355809928	2.50805975439544	0.280521104112478	32.9808072938632
3.45845175216902	3.74995113915083	4.42459231636434	0.155076264413881	15.0128952944286
1.0365020435738	2.28443670982603	1.99852227068351	0.333229841268924	5.81681315319885
1.16186756276307	8.1125638870183	2.21278579083107	0.0473797244465846	23.3797170245221
2.02507181077175	7.30663253010045	3.20709341730547	0.169157315273133	21.9019247453043
2.48873077449796	3.70021113537955	2.92861275832494	0.558980521027111	13.5148261552609
2.36607319872697	7.42962484910791	4.62299292679701	0.139779192387536	21.8667614047371
4.07080601050829	6.8906195295591	3.44496471128656	0.239219079096642	25.7292177591763
2.54875210219704	7.20420701969891	2.29731202294241	0.124389190465722	23.2547821412043
4.77847926036403	7.87240888993418	4.58649783658222	1.24684637585561	30.3576122400971
4.55118402421845	4.61846017854298	0.499425795169282	0.127186984017726	19.5300601750886
3.9752727734223	8.71600802959461	3.10680909144741	0.165278671310226	30.6855564282095
5.0282340918294	2.58036639209901	5.49483076089569	0.27862558889746	13.3434526100366
1.84750443697085	8.63462601640773	5.13204102379641	0.0152744371687678	25.6392355166899
2.21128987438433	8.35158251353655	1.34347430721893	2.14965412531242	27.7091799730569
1.77408979953922	15.1590028281135	3.89161472515277	0.345239210083101	44.4363135796231
3.79626074602503	9.35098396052078	1.86294115690297	0.0861314682715427	33.3308107245011
5.04716544818351	3.797355037781	4.21678586483683	0.262193299065818	18.3024721315784
3.35463839415333	4.15469008098097	3.6458985009635	0.0403296095493025	14.3876758155313
4.68627664005932	6.22659746412252	3.747266665424	0.394891518527304	25.183482106716
3.08428432845675	6.42857427851331	7.38573104528404	0.15727611953874	20.7610245271032
2.36687179375304	6.19256626302896	2.5868236110207	0.516562234993992	20.2037223849596
3.2106451467566	7.84764878624276	2.17106974250348	0.62911163145711	26.4227397520135
4.57991768881991	6.20526399579223	6.01686329544355	0.00235707047072407	22.8194797343468
3.41128481852774	6.77870529351305	1.33182649410209	0.264714123615013	23.6525557303233
4.6856761319094	8.42866279957691	2.65000472852658	0.0432901285246574	31.1690423875759
0.24590926555306	7.02914837726387	4.05614411163149	0.0468997205985827	17.653372374129
4.72607293556982	8.53375780691264	5.21237394289809	0.474072780610148	31.4716765521268
0.076503366723276	2.03055022695405	3.91136886140701	0.600873635133512	2.50933378227448
4.0534863401613	4.719177825667	2.82397146451198	0.0377219672273308	18.4112170848064
1.3131774798821	10.0666542151321	2.74674901233166	0.321486318518399	30.5081606308826
6.39383358494278	12.3186478864557	2.83804697927088	0.094793795615355	46.4100780960327
2.76065613285455	3.92065754798487	0.722692763868674	1.33804318865674	15.4174005691173
3.72250732497711	8.77291652390641	5.97855235368802	0.236804956230774	29.8056427600863
2.77679121934439	13.9631662090328	3.01746299526393	1.33899437990236	45.5140915616538
4.47970364902219	0.506705294537969	3.97431956910198	0.837663651964732	7.89481996520116
4.32158774765083	13.0960941185229	5.25402095193327	0.20928558424341	43.4736171023991
3.588167832647	10.0069318743208	6.87901512029667	0.229933799835625	31.5434494149133
5.82195521536165	10.9883940466389	2.21883014764323	0.310459434199164	40.127584467246
0.859004560411602	7.19240012438069	3.93643180847204	0.0212218805203051	19.9984552688588
4.26744453768604	5.74322140113125	2.14745771453429	0.615934800512564	22.5736916472197
3.27252908039313	5.97165366707107	2.353079428758	0.365653438524268	22.1145451663786
2.94745899541707	10.5457905914446	2.31619499166707	0.0173830258225738	34.6739815027799
5.17498633733456	11.487274157542	3.02511216880727	0.219333716090154	42.0578569985354
1.67178899628452	8.16451746025681	0.335304670743364	0.105067544006805	24.0490765616171
2.26637203652388	-0.413732874479638	0.91649090360362	0.0527041923602034	0.373592268302632
3.67441902621267	8.99290375319295	2.13750384759717	0.109014859211711	30.746438492068
2.14103858227515	9.86754608914497	5.19476285093395	0.000805274707179212	29.7776623927363
6.85698023499126	6.64085981365877	3.41818299009928	0.0592164884591227	29.2093410020048
3.68461701802098	7.56844596521126	2.19952792033478	0.128595397708792	27.0406876690555
1.87771130418159	5.1211550882483	2.36958077050655	0.507842559965803	15.6801998340987
5.21046293585519	6.51153853518098	5.01338264191283	0.381823163989673	25.128127762588
3.14074114618353	8.08454607298812	2.83443866705628	0.133194837319187	27.4803755748829
5.23940176930328	4.47527999404446	5.80788120753313	0.149016285142312	19.2160102941819
-1.09338588490551	9.09845764102914	3.88070448816788	0.256649412011424	21.1911978249754
6.82903373558244	10.523301288424	1.25274330926033	0.167450275058377	41.7169489452097
2.40258686938537	6.66071697428689	3.36285251564712	0.537938595830785	20.5667858312174
4.03329942601533	13.1533545832949	1.86212909264388	0.488240973668845	44.1336458104712
5.0417030518048	10.8490107485238	0.201047182898025	0.000441695710429788	39.2561651685893
5.14435391979273	11.4617094269292	4.40738666971085	0.068290616590278	40.7112493162106
3.9966759031043	5.86283141209194	4.74557222946748	0.0300172414663981	22.1220603981874
2.65126982239314	3.63628296320464	5.17009518628552	0.01334288394957	12.5035894025483
1.58389768444105	6.79000342440484	7.78734561400665	0.0993557950849474	18.0328303920517
1.17894851885322	4.9030196532997	0.847249204812711	0.185100041703557	13.5903444892244
3.84848646102851	4.84328163147064	2.61222740232956	0.240828319808665	18.7141561466596
4.80207823032073	8.11645726485083	3.0862600800707	0.619941631318741	29.8737797086397
5.30015120555099	9.66108342683502	6.23143784138856	0.00164780380917144	35.2629859872499
1.4132696613424	12.0174137961538	4.32537239465061	0.298739368091609	35.2920146945306
3.48498694132161	3.90371262532464	5.46155943707669	0.398033362570254	15.014383744755
4.09791947283968	4.96520029890999	3.49387277339829	0.137948705955398	19.8437635386053
6.06536776327393	6.73317105980813	2.95110395060288	0.375040530240753	28.962145076478
2.67373570494034	7.47959322721153	3.34045561038135	0.44703792811532	24.6538526402483
1.74693698808049	9.21079408562228	3.10716411116826	0.2029987158521	27.3092805871719
7.12836732009692	12.4514362328311	3.90279697321222	0.533325020711693	47.5726707728339
-0.500663021980972	1.6405145467482	3.31471182330996	0.184421580636287	0.0555563145179975
3.84511211986736	6.32374736739005	0.495588451956006	0.100099913749421	22.895828424858
5.4858229793761	3.01953162291084	-0.107040033526034	0.404326323099052	17.0883642384242
-0.068998466106525	6.43992920735452	4.20401828967125	0.217943599314144	15.1203513831974
4.96034212959046	3.17493696429083	2.74650820026924	0.519360536378157	15.5753951931994
3.17142177840866	4.92311699367957	2.82067570520015	0.384875640848086	18.0111684641768
0.0510328777009623	8.42353533944679	2.32197983015578	0.205555153590674	22.3377171674865
2.58905312043694	6.65383281957963	3.8625894673228	0.887232277590349	22.8486621993713
3.12031377881872	9.24356692537888	10.1361624567336	0.00241426891148406	27.6742394203222
-1.48126714378092	2.83687475870697	1.78219118672113	0.206175344970912	2.84683067600308
3.63936469572313	5.95197288809991	2.78898592325123	0.304452727654617	22.0196084601404
5.10321008895995	5.23919035245989	3.44518085069027	0.0481642400114307	21.791531040622
4.25281404329442	3.36094938593564	5.06520238801185	0.0814054788380294	14.1709440993914
4.64609416152496	4.87294545760523	3.89452528247625	0.0714990889488785	19.6993913365221
3.69674594474855	7.83120381652038	5.07695917281036	0.282255717516265	26.9537975067931
-1.68138299561031	4.63159072310661	3.88029440739849	0.2926867209551	6.15650574587393
2.06378753217372	8.3513107046168	7.29386126444562	0.0245853827188121	24.2495365570313
0.267421004282642	8.36413429018172	5.8495998956496	0.200241135780763	20.6936539194845
3.57228170191038	3.5914321305896	1.58825884583918	0.275964108493976	14.4952636366732
1.71148798450434	6.60021663734969	2.44183070553147	0.166138930338001	19.4592586424288
4.75024808338618	10.2994394721462	1.62830137718972	0.0983380556272996	36.7321371512757
4.94627151425439	8.06770018911273	5.00696225986437	0.421302940917401	29.419485253422
5.87268778304386	7.817759638714	0.543144417832103	0.530180933739909	33.7057046518061
3.89769385894184	6.48179767439902	1.82732442279246	0.000147910786118608	22.703976293143
0.496094561188178	11.0653341010899	4.12753719288976	0.462971736923311	31.7167428012931
4.1699374584386	8.89722405668559	1.80795853926267	0.498448138900506	32.8638336126403
1.89915937879451	1.71343766895918	0.52943785070008	0.301339442220009	6.1178182922067
4.30715569751464	7.30201875608404	3.00620869635957	0.153364488640403	26.9793935903617
2.90264792408477	5.65127039771453	4.77137346817749	0.0783926262285211	18.6896775111078
4.70920577279079	10.2835078624245	1.10639582600637	0.797135736356624	36.6948166442077
5.27935954807312	10.4735807532386	2.0259058524252	0.297063170317986	39.3433743246832
0.224272161783199	6.80768747446071	2.13150343600832	0.135150924354677	16.7278199629096
1.49931453905662	11.5672945794707	4.46917136950483	0.253309122443426	33.9690743691875
0.450176254141375	10.4960347675638	3.68492323274506	0.268076070402601	28.9000012621155
3.98899917666931	5.90073176004203	5.96074504715277	0.0961054902971183	20.9031871743446
6.81800591780922	0.222276519358382	7.833680233228	0.0293593814427328	9.34185881438351
3.46218336661742	7.37746381805607	7.23143564769959	0.00970620158433358	23.9099485341108
3.98719566793871	6.86157797568705	1.40840955589119	0.0114488280400379	26.4524033740144
6.68465589000765	8.25167512817457	4.30129532722653	0.657755372127529	33.7597355715762
-1.47214849382198	5.66631631241909	4.36833384555282	0.395969149566272	10.9949738386842
0.80923531920753	10.0567364842788	4.53659490859418	0.00377710934647254	27.4580680763281
4.86751096299706	0.0278890803447016	2.85467224368296	0.0972859152516975	6.65588474962095
0.555388962752991	3.93613596122997	4.35690846474561	0.329150100790704	9.22175912400032
2.05770744012572	8.99693840583056	2.11891454428287	0.321280171050274	27.7453025102163
1.40426129439708	3.86992627783	0.427994027921572	0.0491897154999838	12.0247682043537
2.42253235133146	7.89687538432863	2.54969945752304	0.342582988172554	25.0389282071962
2.27149697211987	8.12065151110778	1.44198448142669	0.22411528351856	25.6367326302081
4.45985158848167	8.56287694688483	2.56146178457172	0.122904772883372	31.4692324312343
0.253890777499399	6.49163277732824	3.81286815577854	0.236565443649077	15.8426303028178
0.735719996134329	8.59885900918022	3.59633337629537	0.405274374907695	24.0767373260724
5.82178080243991	5.54870816005796	3.64028732658584	0.121558327941392	24.4071868272388
2.28797691849461	5.18351504415729	2.78598817929711	0.393142611486784	16.5252457471123
0.0962160888556589	4.25925599291913	4.00309657725911	0.161021181634603	9.48096330561548
3.01122597725532	3.79545616628957	3.68995019915922	0.440017929165254	13.6620529556236
2.99619091538944	11.3672310539962	7.94421721462656	0.0565104973755211	34.3805740034548
4.03280859220695	9.56812212577418	6.32425320202869	0.943357604381413	33.1850962183722
-0.833695654994219	8.66490063296453	5.09106206160282	0.0632946180663274	20.5373808418828
1.11886146293492	5.08659365929984	5.09138416512453	0.730966715076988	12.9537175649975
2.73497383301195	5.41281847555052	4.33020387226957	0.867375900670994	18.5354059473503
4.60341796977036	3.3320763459572	5.79019748037642	0.00527151499075912	13.6466457137867
2.55814047118166	5.44223437266604	3.40141970458973	0.218992682704945	18.5997312963673
2.23812211422019	10.6837342995781	4.67598516223351	0.561501077028232	32.9735218130569
0.600270706603898	4.10718771662453	4.65463353734012	0.105663567615453	9.66242880378044
3.37110330625669	8.14890361457381	2.42523423551823	0.041967053948977	26.9760425505049
2.98604982049356	2.17134723793826	4.75948411860219	0.942173144751162	9.29850814660461
2.36904582416939	9.1856327250351	3.53391413027248	0.233434656196338	28.2354536242218
3.52491151576839	3.01116879029225	4.94279683696248	0.0412597824241626	11.8542105823013
6.44318585763513	10.7348931166725	4.49958016055221	0.0162037432603828	41.3918487982451
6.12209769360022	3.17087484819268	5.40119784339938	0.842804740128	18.0041904496892
2.69583336162028	0.701079366982476	2.30683694508142	0.770969823822069	5.30462388386596
2.37607672581805	7.18091696690541	5.74329656553852	0.164280436863919	21.1589881710316
3.87216991433377	9.1106529674596	2.9302369571616	0.456069819087951	31.6442323611823
3.79748893641379	9.64679835911561	3.52055684404289	0.927924165967644	33.2303911342966
4.60074049723452	5.91942751392605	2.88180962217214	1.63532528173071	25.6073686122536
2.78743617513828	2.72557528232618	0.443171434343577	0.171802027000629	10.6119399911441
3.87839838939482	6.26329368369189	6.77589729167026	0.343948118004329	22.2205759084412
3.06402872795572	8.27205732087577	4.33742992801668	0.841386467314277	27.069243306528
0.544873719618511	7.50778264584777	2.88258897130488	0.216849446223947	19.8529269884843
3.10078184431158	7.28808933018428	4.80268899227489	0.0179000096646106	24.693107566814
5.05943866961279	6.96994354822274	3.84977554899839	0.100469261725479	27.4729785876057
3.04940975945617	7.56356414818454	3.1253194222994	1.0331688453148	26.1926708637907
4.50527926423662	14.9535840529751	4.1544217698835	0.0953846265732537	50.3170971828364
3.15661205734242	1.94313087204447	3.24730340169662	0.215547443945365	8.48305487295713
1.95672679059489	8.47300518900816	1.72004167543541	0.38966580606886	26.1447483768252
2.5956354138306	6.27516627142345	2.42141493541064	0.267628922083684	21.1047612775243
1.33825686631825	6.19648077435776	5.43456988544397	0.0589196385681297	16.6107040651472
1.81458678137001	7.63926674917432	1.97668857189431	0.234389498714775	23.4502847138039
5.38330192933241	1.70466336643157	1.88481478183353	0.0614221350752777	13.1333882851814
0.654456668318328	5.05359945319262	2.10354738622573	0.0275203476469537	13.0141230979848
1.80119594044656	12.9608716154453	1.02787818828005	0.306196471381432	39.3561655052389
4.69889758228002	8.14989414873055	1.92957677013761	0.163282344172514	29.0522952931609
5.68983713816502	9.84066437661784	4.02615746784856	0.00326684927744084	36.8685904125722
5.60764637956535	7.73624118564156	0.597219419604266	0.213996140437048	32.3618219997225
4.99939154110556	8.04237597775739	3.09121454170116	0.132840874228147	30.3700706078071
1.98469635589384	9.40861799056577	6.58696252594809	0.0264237409067661	26.7818135552665
5.15711373381802	7.33632940384814	-0.208458121530402	0.461994041984682	29.9475806428249
1.76377351369676	11.7698703593462	3.85604886298298	0.0525751825414353	34.3730580319879
6.28618639989877	6.90314857925411	5.93869499521897	0.476036964530932	29.7070176601214
4.89489532443384	9.58533273104241	2.13759400567336	0.241406953802751	34.3782875352299
0.616537985320854	11.6903635948241	-0.470807526276762	0.156989703224854	33.4476010140979
3.40033883475633	7.42956915060539	-1.04671865507712	0.0272442235371384	26.0274855830047
3.71239727130821	9.05773481470446	4.12612044584566	0.551371127576738	30.4453651361823
3.31410073932141	4.18804297800983	5.89157190606635	0.0717369476029227	14.2235570617139
1.74358130804645	10.7569970631532	3.17635095961602	0.37679950354804	32.5157623753073
6.26557151656161	4.97384379470208	2.62878485425488	0.240286908514707	23.8926678965719
-0.651113827946051	9.33559619831631	4.05823241776983	0.14570390609005	22.5866170810603
2.8097185193372	8.21760306044673	3.30914669283343	0.238640351283527	25.9821383006753
1.83708707301847	15.8814749202571	4.4594856516494	0.502404246074106	47.3732115770033
1.47857839666593	6.62432833151032	5.54359096528822	0.172865986208996	18.4904010763573
5.76199013817727	4.72466671186474	3.18083581760575	0.384600634755391	21.3080055093578
3.38337903238667	11.6528822658732	3.7334867516191	0.0831622664783798	37.8733214605497
6.42215860412158	-1.98303583904374	3.76417852838088	0.0426568305233803	2.92537297980048
2.07236868802781	8.89571422973532	3.44220716767927	0.114737655422519	26.7969462723982
2.50475274864796	6.69567693199627	4.08288986180427	0.654072376745265	21.2965697433651
5.60449855391669	10.2444218879585	-0.584037466608572	0.14794675975995	37.83275415373
5.32908044257508	7.85998385136641	5.1304859909555	0.166203722089684	29.9570378462093
1.62747322183869	3.09451109493529	6.70214832591316	0.0131854468155395	8.14047119381153
3.61519246482159	1.88998143428316	-0.913548288242777	0.00399378011581034	10.2160008120797
1.62933866120364	8.3904851342542	2.26851698311345	0.0240305320950159	24.2131975668012
4.08210404546364	9.62867676664556	5.18471421627731	0.222492587285703	32.8389385323095
0.063988259131293	8.60051639313207	5.07190448340268	1.22420562584419	23.0460027462632
2.88261105995529	2.11898509269732	2.3795194451434	0.460794399174592	8.53935133436723
4.37005386611902	10.6530196247364	4.13750462243017	0.0526524457066493	36.7186188208132
2.44575331077764	10.9996740866416	1.59228491448589	0.0919014737485491	33.8707324455213
6.49171300433436	4.72330548463026	3.70895474241581	0.10298353655136	23.2546525748653
5.61451330160928	9.28317894700447	3.01834684428218	0.484883253423952	35.9054816312713
1.74662650210162	4.90139828827119	4.82858405194637	0.194012006593849	15.219405779571
-1.73138017750681	7.32989803497948	4.96217381009234	0.31516738831653	14.7757638676034
3.59394397296415	10.4841174385458	4.00347428654908	0.30567641094874	34.613268796457
2.49267125023706	9.77515636454246	3.1276617635588	0.128178894972543	31.0959591416882
4.71589353178159	6.38356499124478	4.46143812745458	0.33267945057759	23.502345272902
1.68946753201472	7.02820088935821	5.05026578423155	0.142883114375145	20.4076990486506
6.29400707306307	6.53389240141519	2.43086515995976	0.0330899734609435	29.1167017182431
2.7151005474603	10.8129210161364	2.22099162306642	0.726161700549373	35.7170157262466
0.951690039954543	8.23996703788423	2.10311827119626	0.25819784209204	22.5696037380492
0.522046922580301	10.2006862489058	3.26410481299201	0.781130663290505	28.7405396315387
2.55541587342651	11.2095802527835	1.88135893777584	0.0215815355134228	35.1878194898277
2.21035405600246	4.9791985445031	5.56889657498855	0.483183825528929	14.8205789084933
1.84051088920026	8.03932435676922	4.90217173390343	0.406129934367037	23.844260919333
1.98357742160133	6.12540196515537	3.71875443543537	0.000500718263544764	18.53041416457
6.83740410060644	-0.668208111433175	1.63452717587674	0.135953575695251	8.21161023564255
3.02774372307043	9.89499042216341	2.29896826529433	0.111387242075929	32.1531074541845
1.23786453432809	7.02521105988333	0.427710946570658	0.0905905570984501	20.7635435959731
5.58003691486413	7.87916354596547	5.15268732659564	1.15627571362482	31.1803875690431
4.60059993823099	9.18168696350366	3.69783160367617	0.748086156371148	34.2519943662182
3.87865053716996	7.14803767282171	4.30352191434254	0.787365864712925	26.4831204996698
3.92360626400188	8.70222159435929	2.14779092415672	0.946630678351494	30.0389089534375
2.60337914230945	5.12892217818693	2.0771302987687	0.00038845659859982	16.916146267909
3.28931190498504	9.40409966408162	0.933926563365623	0.542686430800275	32.0245377534262
1.08650844344296	6.64832957129495	-1.79946390362074	0.0958263050488963	19.9375459926663
4.44653909715182	7.01721229875599	1.4245754945235	0.0234846347254389	27.484369962692
3.36955248437737	6.62050046602551	-0.531027226304746	0.195234382713478	24.1402528464806
3.2769722336459	6.98254486291918	0.837805650234493	0.146274618231929	24.0242241741326
4.54499594400043	9.075372049018	5.68662925748563	0.077049221960298	33.3989732647155
7.32264988419875	6.338553562983	3.95457894464554	0.0129391347984518	29.1725117979174
3.74278226352676	5.1877359024674	5.68638861365875	0.295040849591171	19.2688239004232
3.64909883800282	8.64034981975604	4.07314439011228	2.0098291814702	31.1055437195488
1.61676609793694	5.89001247763057	3.27384226209061	0.154639396100287	17.4965656184564
7.22261140679071	8.64372166076872	3.94288231194022	1.35813855050923	38.1008573150758
2.71643958520181	7.5445379454189	4.25713683113046	0.063742084706598	24.1328270619497
-1.10463269459976	11.4374129989261	1.14713215244604	0.113245720134091	29.0485502115169
0.393263384260258	10.5033116996432	1.70976205879624	0.166850242546093	29.296114929774
0.588118282020033	9.64431531471501	3.63274442154595	0.667400261458815	26.9624541813211
6.00758929929156	5.76897504824824	3.74954645953203	0.0769600168515753	25.1628878505077
1.86641234334768	2.38288477834447	5.28625559926801	0.171451207868672	7.58613284833374
1.37841577233262	4.82547939935338	4.68621810658807	0.597298452604162	13.4683758976201
3.48997189621248	9.70564314777915	1.93405308325862	1.44044377720747	33.9607006578834
5.39384763577658	9.09700817414742	6.24523662317716	0.177227718159629	33.5701936930356
2.25308277095321	8.46080634686544	6.00629509151957	0.303821638259605	25.83114820355
4.12305757949566	6.72334241892944	5.81814262347494	0.6760907195648	25.3579089016345
2.54831772460403	6.60717714638027	-0.306849422786327	0.27141014817599	22.8423529168133
0.349692222473218	7.82472282008891	2.7988053030846	0.467721976859709	20.6529991850692
5.30960822472356	8.0647326493533	1.74162181443012	0.0713139546736408	31.8735894275178
4.04053799426779	5.49297640234258	5.54095987102747	0.189293259464363	21.2637912049164
5.34677812688114	4.40426423877983	6.10134965337362	0.0921230267419083	20.32130468343
7.32188391650029	5.74344299730525	6.32997371717574	0.814335926247812	28.1028804810368
2.31371138509079	6.57621002838429	4.66191167555555	0.482375629221262	20.3749968614764
3.11608636676665	6.38257250678412	6.2181131369418	0.0147633832111862	20.8877167159261
0.137826885716618	6.90747842599854	6.37196761370106	0.226094787552614	16.1579188399854
3.776796152372	7.16556289244169	2.33651954484936	0.0462949123282044	25.7255923627279
4.82934965456242	1.20746075679365	2.78053794488209	0.035172124492197	10.3456197467106
3.06235429310004	10.2115875712387	2.59987963843517	0.304789113635909	33.8358797505184
5.46252013138184	8.00475201591946	2.21467839606087	0.500673204439534	32.5128953954395
3.32819046821264	-0.243958017500619	5.28950039074514	0.224871985343503	0.814031237292719
4.0851587063164	10.5162529053152	1.23886538475294	0.576979410954862	37.1227391835913
0.61146247600617	7.1288022811628	2.65137463869991	0.113199125094796	19.1749942774687
2.62369709139698	4.84059882204756	3.72147255199722	0.0896126099171205	15.9675281686495
4.34201164584812	8.3880989207327	4.37725278059553	0.197685674941067	30.4012298674173
1.15884644162257	13.4800691904342	3.76606757772751	0.0778998164370997	39.1234611972314
1.91521003788889	4.13987146578134	0.742092195231874	0.169214281757498	13.2863677908942
-1.72569264955966	4.28177289006863	5.41458556208848	0.512418745337542	5.46802813039125
1.15335513842056	6.6505531325652	0.374096431533431	0.135560268219707	18.4011873190153
2.66152245277023	9.75923210377941	3.27284783924484	0.203115530670534	30.9740598573772
5.25741276817968	-1.00042342872156	2.76134006141385	0.318269352952405	3.60929174882733
4.56292585169245	6.30975773195706	3.94192805075466	0.330283608968368	24.6598620473518
2.05611597748192	8.45307675006128	4.46848828805284	0.22298082357516	25.9289967758029
5.22329123540068	8.51341187014151	2.52678367532044	0.156262912870045	32.066314055868
4.84762083638071	11.365588968196	4.64627758717748	0.122469770225587	39.9151910731823
3.12745424165936	5.53996918956487	4.80986999355391	0.468940429896869	18.8656891797582
2.99950170908909	5.4659173720032	3.64270212575131	0.0328383705926428	18.6088786490421
5.57274170233108	1.17202364624386	8.07507466560805	0.145626665697091	9.92484201554721
3.32460083910492	3.12225677983439	6.57457841155713	0.108214080179951	9.68776109713058
5.10322628181458	7.91558701375721	3.18148832701408	0.242905375167819	31.2433775857843
2.09584435315678	7.95107362326407	4.65262978163022	0.212664812567738	24.0580405808031
0.401253154551127	7.90193241791343	6.21619814877378	0.0997360574296317	19.0034710196156
4.88675712699006	8.95677777013757	6.8915222551175	0.324005251233657	32.8216917770539
1.67142725689844	5.00827924908887	6.24402121302195	0.956277420236934	14.1123097619815
6.66346608767702	6.87353775057233	2.437210679975	0.0475749794117747	30.5748762334467
1.0712259133392	0.699893837304444	2.23148629003699	0.0197219396346194	0.675722133202794
2.37018753645406	4.94706241744546	2.7523514058948	0.21729385820406	15.9414702962777
2.87246040706286	9.01502751658673	2.36027844529627	0.372987580614114	29.0613578908367
1.30338079089814	10.1438574623352	2.74244755828241	0.221809705149222	28.5612130911308
4.67242958057546	9.52941458415561	1.06468857676798	0.676290065740749	35.7040853338006
3.64947318246957	12.6326961320219	2.05382342803207	0.150254768496595	41.8115536235203
2.3216065954814	9.53467191739427	6.65758106170357	0.199063343741129	28.3920176172491
0.846998927017727	4.03946124837313	6.52974006817382	0.329056791248604	9.77916396974061
1.8278492407518	8.7181376637171	6.47890433389535	0.668352029799934	26.4158156707053
1.68415589324576	6.44595201114841	2.36868115081993	0.536745478502156	19.8305460391737
6.43036418066903	0.395702605829937	2.75430150864557	1.11537551761974	11.023002819335
3.68011502770003	7.33569015931449	3.37669885476102	0.238262633106491	25.6821797673295
1.56604754521338	9.47789104337389	1.67130612743551	0.332285864490404	28.797277224719
1.62063200701217	7.47436630492477	2.9982842977996	0.533892249852876	22.4555996315343
5.67644558278972	4.80986082259238	6.13682098924733	0.618014188862651	22.762577835222
3.21015037163674	6.26217677499693	5.3726534426532	0.0285585626264429	21.8957972579701
1.32014589189956	3.51998190223146	5.69858020004142	0.230612056220646	8.44246953996804
3.20625670521608	6.99466726456943	5.21246784078643	0.0698614796278653	23.2702456929954
4.16545184084742	9.88953625503788	2.70546760293053	0.717236197562626	35.2265037208131
3.06887922291426	4.60995747759675	1.84175286006097	0.00951491287094844	15.7537366016234
4.29732016737522	8.58215232244583	1.92217192171759	0.00682384268113168	31.2420870020059
-0.219576465003971	7.66421392009269	3.50219319224495	0.237573273888839	18.906504917729
4.89662143699233	5.9528546975295	-0.875425403620068	1.05201253452361	26.2618621311327
1.47732468788414	4.65106852232716	5.69877956200904	0.0870076799959861	12.316510052335
2.66891502848036	9.7146015611984	9.07459735169906	0.190634918211535	28.7151626701723
1.07808499292028	11.004471635372	1.84736032997015	0.0176095488455151	31.573237059115
-0.28942628834587	5.16627745090388	2.29430780315567	0.130809104078812	11.5956293511651
1.83408925746002	10.3853480583847	3.05573154680372	0.319345225787034	31.8126796419506
1.98548290932157	8.42201594696046	3.54666775717712	0.226701244485652	26.2596777270298
3.10148880679687	10.537606848422	6.00492825347318	0.243250918487267	34.1986191996167
4.29320261673506	11.8251068392913	5.71374089563019	0.0355264082217975	39.6867700799035
3.67586814035323	2.76198006680896	3.45971055759104	0.0111696083909399	12.5464480094512
2.3634299234575	10.342458873473	0.155008867052751	0.219098327512867	33.3743018237739
3.3680992757901	5.39851948457978	0.785708517624021	0.00470370996905881	20.0181515758895
2.65185752370465	9.3933663751481	4.3664009435155	0.318323606175474	28.8943378201623
4.08511221162119	7.34629153078949	3.02796541501435	0.0291323784093028	26.513209712643
3.7774691443253	3.94622701882125	5.94490541127282	0.165309340427301	15.6586633346883
2.69629737179576	11.6725061953307	4.90583987324674	0.102393192028643	36.5002761335244
1.56890903595208	4.31166744203073	-2.07138711291996	0.320119754341122	14.0337577487323
5.23726066532134	7.58606250291152	3.21629506522713	0.130832827115858	29.376773217438
4.57158949401145	4.3361125519588	4.81085977919781	0.278505767339581	17.8009529849137
4.93108911661454	7.5061423705753	2.43845193857014	0.0723449763508099	29.9893056767623
3.74722589233455	11.326524894727	2.72867362535597	0.359440960959494	38.4263315564003
6.04768561988815	5.26765744273556	4.45408801963864	0.220009161131421	24.4497628232344
2.64255795195885	3.14506897554493	2.79130440901724	0.257818230844658	10.692793287503
3.80681775319876	8.0207156399584	2.78911699217425	0.540069518517869	29.1345538835034
0.92111931841782	9.31486547709921	3.9992445709551	0.0795658956356126	25.6681772511461
1.39380740255663	7.94204659659495	5.28931424427388	0.824183426187706	23.8006490936949
1.03637845069468	8.6382573557151	-0.496319080898177	0.679197360079932	24.662228389993
2.9269265763876	3.37225302969111	2.8975657861639	0.0351017139495162	12.6278611194592
2.17905622494635	12.7648136333049	6.46407095864062	0.138245305441155	38.325338999141
1.5289396557737	3.13173396366062	5.38134857620769	0.54285153721268	8.30309777877948
0.694241949981634	2.31015032705047	4.08820994226966	0.164782090327604	4.40122750431741
6.4789169591748	3.29940162198373	4.85311532219274	0.0458083164003466	19.3696028373287
3.22236529751595	4.62509224583617	3.8880126481361	0.258133173420556	16.6166249946422
2.24057932139626	8.57922155513329	3.31222353512009	0.0877913644929954	25.9806658437942
6.2606197032338	9.82758399921546	0.569918931060874	0.107200684518389	39.7803285307503
1.63656445474145	-0.771545205160659	1.1524523415619	0.194948521316019	-2.5828794444173
5.28974214416244	6.72034875787786	5.80272668797605	0.540566690867683	26.1174229837724
2.73487364447319	3.98699216056642	0.639629463866617	0.0383716136464015	15.3251007453567
3.01020214524055	5.42956249938895	5.40386121476146	0.0816658029181185	18.2200038045742
1.59461217479667	4.26005465326815	3.05285915449672	0.130487997309684	11.2936223851611
1.89934050463785	8.93420105738994	1.8532989491332	0.128695585610872	26.6621092426298
7.46922837299968	3.49074103467296	3.76385495101131	0.00345206046464823	21.8854804696586
3.67297356519684	10.3273721075379	0.745458500686352	0.455251833585538	34.6825358461441
8.0296436492027	1.11897834917845	0.465995601910475	0.0513199542228873	15.2673290601704
3.28707671334419	8.57649527703057	1.87586329205532	0.0493445881803207	29.3197636281013
-0.185816376220366	10.1453665934648	5.60507500700435	0.562239826541222	26.3964838588781
0.341025102509313	0.892575037060511	2.29561350536271	0.218174026587103	-0.70245241757916
7.04037068892309	8.95205020794343	4.87484261641684	0.0888353975965173	37.0731181286291
5.78476014836751	6.6845439679465	2.79803490469555	0.0139281294382657	28.3361647753244
4.41405479624877	7.4180324182081	2.75095911306291	0.373361713161521	27.7717424607867
4.38553910835059	0.938398317583595	4.2664250556128	0.153493846921907	7.18061639301713
2.88682560660798	8.87320938433618	5.21151157449156	0.114801583939333	27.8708612621239
1.31841185563646	4.04147501295017	4.13913598028303	0.393306766639178	10.8436876458877
1.71205046694512	4.90048364144124	4.15118013504891	0.163482544269956	14.0398924554485
7.64126716440969	6.07186824176996	4.62119590412517	0.110829934096018	30.1425755275639
3.85226775830405	6.03557298518385	3.29831252181972	0.20697873729127	22.6010299620795
-0.164469307861255	6.90494270081361	4.22658067937302	0.444816930609834	17.0384550883517
1.90232489660686	1.23435325711502	-0.747948230098302	0.0743264507938371	4.84826381728159
3.80479078983703	6.06562433506664	2.19746589768438	0.110828257649282	21.4665703026406
3.66058070761514	3.19731833810257	0.324493117420646	0.566203022970695	14.0782279299988
4.4889887910359	9.42221048294329	5.26729764712071	0.0811132391716531	32.8475831306147
4.39762006965727	6.71850161622344	6.39088113327591	0.455090699751573	24.8516400470221
-1.09403979562961	8.59411950540522	3.14049529259457	0.137995745095502	20.1146984632846
2.44105222058046	4.84394410875378	-0.0272309056186772	0.274764798939172	16.83852309087
2.84162566190746	9.17670416089791	2.70328148051989	0.0916817934998101	29.6146328368185
6.11438829564058	7.22731954859353	3.8404119181108	0.18463657538898	30.1251071325633
5.60562180437495	2.39087789357365	5.60808461811048	0.151337557189713	14.1950948757114
6.04457613499931	14.6205227165596	4.09370111166131	0.837598948448617	52.7768599877937
4.01954881933283	5.40161662285856	4.07804484835992	0.353138430469663	19.6333232605975
5.16357605927677	5.04949316038756	3.27968833644199	0.112168392266166	22.1767151998047
1.04296494607043	6.30822216290536	4.25533307279513	0.194646693768801	16.5019129282309
5.21163514193821	10.9266640833822	2.58806601522716	0.450269162382651	40.5402618571613
3.4997903486132	6.69065748076158	2.4602239203748	0.39679031109549	24.1208942397078
2.06717737946546	9.76308534973662	3.90286888938074	0.0130955125356501	29.5818371550753
1.45757652773465	1.79295297044583	3.15223512585159	0.370333925002243	5.59776132049878
0.64118850320909	3.46554426886565	3.07325440808936	1.1669678993786	8.9728331372234
6.21880275621557	6.73150510860977	8.37116903393053	0.54677108963897	27.4285010091287
2.49190910551024	11.7288806560446	2.36154584872951	0.189941357663385	36.9690239027414
-1.184475528476	7.10588250977689	4.94880642833211	0.81071140094819	15.5618630170042
2.40486114364332	4.38660457632955	3.4963322851062	0.595837125142467	14.9152010496497
3.58094023155333	11.5180905248651	3.35728925741412	0.00549085732960317	37.355738359951
-0.653996287458257	3.29857506774008	2.06632637815102	0.380233428808078	5.30294079457021
0.672760336619854	6.0959120530221	3.4113929687356	0.330716633433791	15.4063745637744
1.68481158153308	7.82876026763352	5.18235151776043	0.0215445897756763	22.2081520867542
3.74632987048796	9.35697726274478	4.14437169897772	0.645071386471651	31.8310041623836
-0.003461095300064	2.39182531401685	0.941401194560274	0.148827309248537	3.73995567672823
4.8416933188097	8.17150861743441	-3.79801835485545	0.0598284776174548	32.394416478263
3.85368824800013	10.907580640558	5.44376677251445	0.287242291740161	36.1812442332395
1.74205750453627	3.54009052156097	3.24266693264511	0.336947871340347	10.8578606642988
2.21988184066795	5.97735163745953	4.88137832156394	0.051986131872462	18.4336378207411
2.83683400764736	11.2941175481632	0.401859722589119	0.469511833244093	36.5026016008372
1.24944795274228	8.61210016911159	3.2578870392714	0.472036255291725	24.8786812083936
2.24503680593786	5.14365680451294	1.93699936313416	0.00924191064193369	16.0767661891073
1.88719501881578	5.1382438845886	7.4852692348463	0.698760116297836	14.9793025204647
2.37204345003441	4.14545132143581	4.73796936411538	0.104877379061541	13.3556953687353
3.77071352177439	8.93836759963542	2.74812262383914	0.777722756989767	31.5830138502185
3.4646598321698	3.10031511258353	3.06987515151163	0.156922675708671	12.8883971029828
5.19521749095944	11.5378791967584	6.92932855207162	0.166393396850092	40.3392343170996
0.818394139211348	5.24679279077883	2.34088794011844	0.0468930822502513	14.0578251854502
2.39431205067583	7.96289122500377	3.48341723442494	0.0916844165382868	25.2335144543399
4.04548888872771	5.22266130720657	4.6145878673386	0.26524359295453	19.7475778870083
-0.545828500807251	6.02065411755795	3.81446326897195	0.110865630964138	13.6756465988848
1.09615000075783	8.71906204502258	5.01642992905105	0.215901254881745	24.0195235118408
2.90933073810551	2.00092464757065	4.25520954117408	0.0663985729491496	8.22529198601683
1.9166010530442	9.99038244454762	3.83056478214454	0.787883858296743	30.0149659605113
3.95766967001797	6.2337458559829	4.17981168022387	0.536324031478654	22.8159675062193
3.46235352327268	3.87363731840149	2.6957603272665	0.623528787471972	15.4101132010249
0.64276722779599	10.9150279885299	4.66139556576963	0.19863441132384	30.5343562635861
3.27012510802869	9.17775698918436	4.92764913988	0.464359916398577	29.8946344187052
1.25412263588978	8.36311275337289	2.94089245883427	0.267555277717221	24.0567348199665
0.217722739377683	2.85798536687248	6.69312263959142	0.83531643164498	5.34264298503444
-0.213069792623703	6.90257479598425	8.50447362646927	0.330157640056529	15.1251993218691
2.32603668546053	3.39560503136965	7.69846425424223	0.693766215500636	9.93250271610026
2.07376872082875	8.63615541459245	4.74448447663122	0.0354592131716707	27.0923906068257
1.52160665071964	5.12725046884801	7.28443753863157	0.0259806437808333	12.5930170268098
2.29002725898495	17.3202377435234	2.3187383606931	0.0713087839687283	53.1688627898635
0.280891753241291	6.92591513319083	5.58132625880068	0.133024601112155	18.2692739290729
1.54598073387304	5.77331624699017	2.46663216603798	0.619796342686097	17.7331715017369
4.11400888134616	1.33221293081547	6.06176268979612	0.201720868847185	8.4016034413284
2.04570548123139	9.70156114935778	0.0397474287012898	0.11516405379808	29.6899419012228
1.72712449790544	13.1190260709983	1.49123375594854	0.239779716855595	39.1675349989313
0.109742935871482	6.57490178746491	1.76343454864129	0.169085577911394	17.3782447420812
-0.511935362015437	3.39362467524049	3.31716017794095	0.252452102908373	6.0283970169984
3.31413813752647	5.55345957096392	5.29331981639601	0.473695459138472	19.1858565215256
6.54362942904582	8.54290833346661	3.98719276660435	0.185487887092151	35.2435561691701
0.548648354759419	10.9699060079556	3.86712087362089	0.0326005945101826	30.1438612616501
3.11608014713481	0.501921352619275	4.26421884942039	0.197958093262192	4.54567646992838
4.52661036079913	11.9959852882553	0.672340741725363	0.572969185393092	42.3906877480567
5.11731231758357	12.5365140401202	2.02577761530245	0.536736206079484	44.9385600497244
0.181381202595342	13.2645348801158	1.44106001427332	0.105093677900685	37.7757375556118
2.46583246180159	12.3605076403947	4.00767206240491	0.0982054618776861	37.1961926450152
3.40491659543289	4.58004776361464	2.82855902275143	0.463552917936164	17.1440000040018
7.30510821005551	7.85967092001426	2.12685124955749	0.0198612829508078	35.3725945136223
8.60268677617903	3.34729284606801	1.99534993346192	0.962699705286477	24.3002383819076
1.18480166103535	11.4547855162917	0.255970487962077	0.0986947416945497	34.0077599282625
2.30091542402715	7.40244664873439	8.28897992650073	0.530884783978914	22.2273195087744
3.53055464845762	9.17966629066644	2.76922407360199	0.491417928958394	30.9932545103777
5.40251444776846	4.78706604122333	-0.3847003435329	0.387544847659253	22.0014661830401
4.40576155514402	6.02469155480509	5.42408117926922	0.201814637582569	23.1969449793289
4.11659710015004	2.70837680086338	2.12353723222008	0.238970593295949	12.4583401300468
5.15369917150295	8.2476860992115	4.10944851507789	0.0433294383504966	31.1556898713666
4.72337269672986	6.88754664821649	1.79902992514686	0.317739431306326	26.6572816622816
3.24745998038292	12.6105090422357	4.69716037179889	0.0419600617692719	39.8622745854547
3.41289988168307	5.94455537387718	0.974315717408466	0.204423089154812	21.6013534699456
4.41503724661337	9.46270725889938	1.76025833077148	0.025876952016892	33.6853077731209
2.90694459840069	3.60135016064386	3.4751339992766	0.0623405238069745	12.3086368445594
0.854530835787329	3.11778031883774	0.0163226540850196	0.070720582223556	8.11754901375719
5.28494134866412	13.0600743157514	7.55667058310798	0.16429367578258	44.5445835879382
3.26352695187281	9.25890456408877	2.91792885674501	0.127968329869685	30.2186919201133
2.21920116192324	11.5836010766906	2.06030677648307	0.102215697294814	37.1397365256539
2.4079860763532	2.19007688888577	2.44831429445781	0.216707877911253	7.70023367444188
2.32255656461126	7.60180938446265	2.68621699655959	0.043344539405499	24.0139831229362
0.508295794772723	9.9196072764767	3.33735816766003	0.0671973351265364	26.2295548438141
4.99452155322402	6.62697741093112	3.36048246491663	0.0610487697934644	25.9113937825535
3.41410101573646	8.58174832562671	3.08748163884498	0.553215702380255	29.5730161314243
4.59315623488729	10.2526636595769	0.795534036090187	0.993530685391964	37.2369625395029
0.886970855491324	8.87644148941935	0.90386028851055	0.762727334803238	25.816329047537
3.15731012391385	6.9636736673375	2.11122804256035	0.500485233574253	24.0329956800089
4.70967131005564	5.79613258150471	1.18557258592541	0.295039649508587	24.5955388646635
6.51307453720538	-0.127631140077454	1.30953342272612	0.372525333133196	9.33981968221187
3.39383860531952	7.3244645942601	3.32990657417455	0.0476841912185225	24.3567586134456
3.88465210564151	9.66734843408085	3.01543019585898	0.272684774682212	32.9068174833103
2.26312490743663	4.64594252790502	6.61527071393172	0.970688838688686	14.7561746291362
2.07829056468901	5.16368095812602	5.42960336711443	0.758023026727447	16.1791577489106
2.17233331664219	9.014668572676	1.97754196275978	0.573783569036529	28.9734331317471
1.24092562139849	5.65252320280881	3.23088269003987	0.0494148412295712	15.5288740455143
1.20727800225708	8.62356764821666	5.56633951611348	0.0545060739450477	23.1005370247408
5.61119511028295	10.1294665481775	1.09651402947928	0.496623133152962	39.2801005653524
6.45180344732467	8.03348786581695	2.36619783752236	0.137568541112213	33.7525497278896
5.41594158742117	9.07082818454253	1.23878324919599	0.100436342783648	36.4608608351779
3.70993022437584	4.93249831856098	5.15847441750429	0.213124367051154	17.8358277969918
2.04836103852377	10.8675831506773	2.89686393105913	0.00144404238247558	32.3108050408582
4.67673543940446	7.65730748698344	1.90533058693018	0.612357171705	29.4476837524738
3.09375534211238	2.46481298749336	1.85916417281787	0.0604736274919042	10.5964425954649
2.52526382493685	9.62752107078821	5.068457171452	0.27705191241459	29.9566272029141
3.03621733517301	7.72245633659285	2.95147202772414	0.17252236024513	25.6638213966966
-0.334592896956933	2.54041840173403	2.8890708440517	0.679318800136255	4.5144730618041
1.88139123419865	9.08663757465267	3.74698556815888	1.21488301161575	28.097171818258
4.49238155788302	1.86531457093272	2.0287397755671	0.170649693461233	12.0669326317697
4.49569882177916	8.05562005547678	4.47390565199349	0.370338610319583	30.2647727391949
8.35541411118522	6.5805233073058	3.77656179476156	0.360255146267336	32.383665922758
1.27939629366877	11.9633270134975	6.48986166240432	0.0781385921886053	34.1333953055602
4.73180800001641	5.28923007928812	2.45076900212754	0.902019612871666	22.8610400261477
1.93467261479071	8.90849589081363	6.22922038386485	0.20288898825284	26.1950265597455
2.94756854596665	11.1945338695204	-0.147994943837839	0.0827049672997285	36.579908413123
3.22625453775844	6.87739525029767	1.59493890205589	1.00228364689015	24.5045739798191
5.02555187891726	5.70623194962307	4.67380216819246	0.360980082618905	23.3728572481259
0.0913891475810584	2.84445552429864	5.02302612250059	0.133014712147219	4.31882940514864
6.21343557581946	5.74562930054637	0.586070180074322	0.01029571125746	26.2705546185936
0.0699571254352938	3.72836231284235	2.38416676803431	0.311846915684648	7.56030155933767
-0.233488668743585	7.41234825657963	3.80559725531934	0.714492762251332	17.92154493679
1.41734001599851	13.5656746446124	2.98069488504277	0.240499114402068	40.6082081219805
3.96809132647221	2.89098372135561	4.00788159531118	0.235274466778119	12.7572735599023
4.01290659136109	7.56998530978865	3.39002166198784	0.134004968346868	26.8254517076677
3.88103151501031	2.3736465536209	6.52033292672861	0.034623022170297	10.4229719958203
1.81606860254973	11.0877589721029	2.60612785018471	0.352943669169634	33.3315347024303
2.94918538246072	10.9537689115815	2.81947351286917	0.929680557878118	35.8850318598202
5.41555662738514	5.67643359202901	5.07975414203124	0.360171445790876	23.4424350378015
4.61550718916094	8.12885215558495	6.69954704525711	0.0778879908292861	28.9700574807628
1.3623531277068	5.27651702710541	5.71074605901555	0.434356408117777	13.9413498765839
2.07589817435634	9.81232438242541	7.79289190704555	0.472714943437261	28.7408906012829
1.07363668798615	6.40967754439668	2.13996365073701	0.470169702235059	17.6628593346652
-1.87429038892874	7.0640510607159	5.08724292366851	0.269661839517886	13.7348435808263
0.558448677397619	5.43983313107236	1.99018700978266	0.288500469293305	13.6139132568467
1.35134676031868	7.9384066608228	2.47594107851177	0.16505809136009	22.2227492761497
6.1729142740356	11.0910417656077	5.28457386988914	0.671871537715347	41.1363241574331
1.58959088097116	6.60455748114565	2.18741923037462	0.621260535816887	19.9861354236066
1.63338207737017	6.87055107314806	1.58198244155529	0.590218155160314	21.402698345583
5.00844346726691	11.0441022516714	5.2842671401376	0.175476910645947	38.5496085082936
2.72509748844796	6.28777142956138	5.06005737524646	0.61872922479022	21.2061845996824
3.39267562910127	6.7243482814187	0.265081005635825	0.355735066276047	23.5980992082155
1.11427894935715	3.65341059253929	3.2620533944223	0.306396629193752	9.14372156370623
3.26110734307772	5.72959842569427	1.95017655692315	0.236086103742607	20.376782215214
2.34041990776891	6.87745401859123	5.69313739071475	0.388529569735629	21.6123923658305
4.31685679437652	8.35002237491533	2.86139237419832	0.520586490504	30.2616335919357
5.20307323720673	6.27739839679639	6.10751004362162	0.0660392734250461	24.3915122052512
3.4942793423637	9.86408134703619	2.64380631581004	0.286939153733979	33.2504386822141
-0.858242929503604	7.76351813111228	6.44165035545839	1.09843874717356	17.0781941574976
2.60738164399528	7.71105822747495	3.52019538941758	0.0185878859311591	23.8551953820375
2.52145299485355	5.38822070320776	3.87536559859672	0.0564264025463968	17.2920380644911
2.95452218268476	7.65313120701787	-0.306071541626856	0.200871471811673	26.4726235699652
3.74873379419265	7.48135821383374	5.19474141356381	0.00554977745058988	25.2902681243285
1.83724364751893	4.99053221770453	2.64893793159575	0.156949720721436	15.7454756150041
1.50473822343938	8.20695548145099	1.4058273439509	0.0728358471377189	24.1056884482415
6.58199696014002	4.72916075586803	2.71638469072534	0.19188915610901	24.2102891377222
4.91889591577549	9.42183203002397	4.63451926970102	0.252331714421866	34.3026609260307
2.06707759571064	3.62985092421529	3.92808122288193	0.667528629613964	11.5522878766104
4.21409239102606	12.3524837633949	4.40463140400309	0.0100481834480147	41.1021380065018
3.9064732567565	8.27443327684286	4.56124798573562	0.117206477578415	27.855338051856
3.24413460694973	7.66437566250224	4.39793222422747	0.0803134760052311	25.633747471225
0.548493054027909	5.24939630596333	2.7178933127114	0.34664172253276	13.5710174150236
0.97913913131803	7.20341159925307	4.26232436101893	0.0316537518816884	20.2326055776716
-0.321251376800746	10.7640052155011	3.77676475614349	0.129558153866925	29.0301060418494
3.55412639313723	7.99388290330831	2.060036404575	0.339924731085021	28.3114113616248
0.388728814673554	8.628998933241	2.16419396306485	0.067312390424264	22.9630245109157
5.11502818878871	-0.322075403376075	5.3193086363531	1.02369238126203	5.63589173920688
6.53858613065754	3.98839233722654	4.46849778533712	0.142612099149066	20.3057236126016
0.948649107235744	8.21737443969302	5.19649889743707	0.1187001342552	21.4678527164586
3.54320093748705	8.95020543446644	2.83265469863542	0.428017583252845	30.2426734336787
4.90719722075449	5.59229868084231	3.11802895223853	1.53827832584164	24.9661584677265
4.5038031134679	6.80306576628121	6.6434584706877	0.498114348963226	25.1883130498334
5.51413616891251	7.38704360656564	2.76777859411814	0.29808607219092	29.4784004511718
2.13196007770459	10.0305049402902	0.40566787665357	0.307931010404163	30.8909890532335
4.38175445684211	6.45937057014352	1.54018394245662	0.0561920617860515	24.5778471251649
2.97489858459168	12.7130128374719	3.81232294440159	0.607598603481796	40.4901476371021
3.40575595378155	8.03770094426283	7.78097475810042	0.0570034909943252	26.973965487409
4.19287446541007	9.76759651146096	2.6494489118542	0.116595807769717	34.8918800610224
4.85033416295192	6.97393662960051	3.56706134692206	0.971836762338585	28.0825345519197
2.13379808387746	14.30911961836	4.15930257956217	0.78597317984626	44.5182235751432
5.15631246817775	7.06650921907116	5.55917230303758	0.605959049520959	28.1671712053708
0.532489156445351	6.12173347558608	2.14903857532778	0.0106528374942647	15.9078134640647
4.56539230967753	5.51785727598921	4.50063705707414	0.016194123237825	20.9977621636394
8.96501866080726	11.3055617880729	4.3074301462557	0.00938567922420947	47.4151098365436
2.77533986012638	6.65642772825286	1.83898069511927	0.278296389350611	21.7454352102802
1.89910972381057	8.0562428469719	1.9848327097908	0.171738542761674	24.816564929721
2.67502117640993	3.71761994040113	6.18620345641994	0.249048211977211	11.3616151965879
3.07638125161366	5.09286480430444	4.45773018619145	0.0610518861626921	16.8124026023288
2.82439145113155	8.27193690599511	3.76288750472839	0.330446989154027	26.3140837608253
4.72599581844687	5.45977757697145	3.52702954240067	0.144638204449104	21.2049813625251
2.36840451456847	6.54216160955856	4.55736795361063	0.0154964852280001	19.9109152798263
-0.232357137563203	8.94066921955927	-0.983207799999121	0.0567087287908075	23.4062935603723
1.9276832566055	3.20489928924041	2.98505767830857	0.679042343823682	9.27541495575617
4.48725455010591	8.04123574021576	1.60010075679631	0.256013228640287	30.179786833344
1.34486810880197	7.00624713504633	3.15655684971857	0.0132995767079064	19.3242868404266
3.77732393681612	8.81872879432875	1.24100765893545	0.0653971492729253	30.8430013710607
6.45717371693496	11.1547741052801	3.41050159790675	0.214717046997879	42.8189001537072
1.16274249850234	6.69070359311715	0.54516193930438	0.286186291627645	18.8894419402237
3.14261830883908	6.21224220245095	2.37138406757196	0.268796311517406	21.2533607417101
2.40219556525695	9.91911629616261	4.90230285358764	0.422882520076869	31.5902024717514
5.37590767603622	6.6353630392353	3.14221768404252	0.225028041104986	27.7561645038081
2.77145301960459	10.1609820740944	2.98025726996899	0.139727948202126	32.5061269880245
3.68845901478996	3.76299371016718	2.09880132908875	0.695785028564346	17.0224609212151
4.77838329887801	6.71321312164025	5.60671982854211	0.197198488839762	25.294722437521
8.78739434009275	10.178772236176	5.30854639334378	0.11070688569849	42.9316870809799
0.0790042406731453	4.24626233698073	2.39620146303801	0.445208386661009	9.19161450588653
3.27949156509768	8.93810369387289	3.01260827869869	0.621413668634815	29.9629381506757
0.739504063409623	0.239000443288614	1.62698001418113	0.253060000193383	-0.146721354656259
3.71983040726988	4.6650715056195	4.60699998098724	1.67771520979624	18.8433770692878
0.372136225921919	1.96194195698643	3.46561920727515	0.367891941709333	2.78198151152594
-0.741974260287008	8.61416110457581	4.22014816986366	0.147874569206952	19.6904452697195
1.69322239152653	5.79411175825568	3.74105081166847	0.126323133017606	17.0046426402603
4.14605610696497	5.80227765694097	2.5066551050612	0.194685009329157	22.2463247848842
3.54832646409495	15.0198995721425	5.33400186449634	0.414085222906795	47.7033141861685
6.45855188181079	5.83118389946679	0.347067168089615	0.303546224926198	28.3787280796913
3.39613037204633	18.7362884323081	4.40648862200024	0.0323140809954058	59.2251538423453
1.93544112024965	12.694909892204	0.0885802153259818	0.617159574318027	39.8091786926024
2.00990764444451	2.26121197153045	4.78079403501224	0.14688622231356	6.63583189673592
4.48983022564778	5.57336214861892	2.60396848450866	0.0387105160351896	21.5381597771349
1.21643322922059	5.19701388609286	8.81287972319094	0.000332792127348918	12.8429498056275
0.93097418058849	5.28845639439611	2.09781867844427	0.456602662736365	15.1621162584802
2.60943245159277	6.30668045135688	4.63419065829452	0.0865565875630765	20.6390866188561
3.86242244511083	7.53375606007408	3.81425140436927	0.417423645611589	26.845476486296
1.21564137175184	9.42671652540832	5.62639074078404	0.10667706665253	25.7917450234899
2.72718197465126	5.55134468072032	3.01850788233055	0.125133687211431	18.5143279420957
