"x1"	"x2"	"x3"	"y"
0.0253595926980633	9.63970402019355	9.63971242710772	70.3925287674633
0.07168188187633	3.93270260817516	3.93270954839981	30.4013139407744
0.0310809903711521	8.59182254692207	8.59183555160643	63.2159328185659
0.00391223584777512	2.92522228389666	2.92521838612094	23.460253349423
0.0387808708667776	3.4211905134573	3.42120940021052	26.8983252050645
0.0295983427251622	6.93933676019584	6.93934883833379	51.5205107728278
0.0284071719874625	2.74326811417594	2.7432611676605	22.1781077202705
0.0163420328403308	2.89734122591831	2.89734774371282	23.1535392590986
0.0130501753321578	2.80275660096629	2.80275053480868	22.6080729149195
0.00193932167932118	4.23974984003621	4.23975503501662	32.6479064321966
0.046979947367141	8.68391956714575	8.68392844040537	63.8504005013598
0.0246674403494954	6.74816840795431	6.74817519134543	50.3586980537825
0.0289090405697535	4.3333211759691	4.3333214835833	33.323523104627
0.024535675420025	6.6754210344562	6.67541151121765	49.695542754943
0.108511019506207	3.81257439108197	3.81258946047917	29.5077378145709
0.0355860834290106	3.23091669014858	3.23091329379569	25.5510931263843
0.0160063706571308	3.90306294769014	3.90307641550749	30.1380874359557
0.0287501981780899	5.14531776674822	5.14531136977625	39.0429470480324
0.00476393091200808	4.13270148315153	4.13270053155114	31.8716446186696
0.289028676037137	0.884615782831274	0.884625524395984	8.63340943157043
0.0113475251990965	3.18039764697646	3.18039909431899	25.1624790681065
0.124291535147899	4.94231709493743	4.94232466087982	37.2218913824677
0.0427482609534127	5.21721215575965	5.21721907201015	39.4406206933649
0.115858084729161	5.62052874102412	5.62053139778645	42.2386553275183
0.0310305376371775	7.53522298334034	7.53522389459895	55.5967583216501
0.0833166625149519	9.52569308548491	9.5256916353763	69.5498817981186
0.0484890115766514	4.78359776807452	4.78359622368144	36.3102517289167
0.0626637650955189	3.30149092785992	3.3014956708343	26.2374871185719
0.0178774976014828	2.7059891642294	2.70597737661995	21.7094895170864
0.384740394052282	2.66827314026315	2.66826703436012	20.663051726705
0.0172951649074962	3.78913476283401	3.78913537745231	29.712101526902
0.0364171023237683	7.24209839629223	7.24209859627491	53.5843343664327
0.0379264294521449	1.3276970502462	1.32769222815266	12.18792541566
0.0793364096353335	1.59479172105944	1.5948042634163	14.0164704473809
0.0867219935433416	4.64896680992734	4.64897299346857	35.3638789149696
0.00206370161279174	3.09830705509007	3.09829711356757	24.7801869124811
0.118055625614017	6.13736995718605	6.13737199403181	45.6890138488511
0.0123495185954974	1.97649455456543	1.97649312714054	16.7107167004216
0.0942438909660032	2.71899983281046	2.71899056237224	21.6664293649046
0.0142806227113245	3.81749567346344	3.81751967587175	29.798701046728
0.0384274886566607	2.88064821633406	2.88063875037835	22.9449679661756
0.0366131713375991	3.91015603302319	3.91017193583716	30.3741197678489
0.0907622673887976	3.52622656177995	3.52622434313492	27.5595200752972
0.00586073624760212	8.99439938655831	8.99440318733493	66.002883615118
0.0761028603430068	3.64235501468289	3.64236333106386	28.1723609841829
0.0191969571350983	8.11250362212689	8.11250484204778	59.9523466850309
0.0553265889445181	4.25533825568611	4.25533478080203	32.7489743429787
0.0269983091382828	9.21523085915561	9.21522428596325	67.3737198673522
0.0281264023787399	2.54070058404199	2.54070699890907	20.7429501239443
0.0206522976006389	7.78353991028515	7.78354216670756	57.3309243026874
0.0670921700027468	4.12203866778689	4.12204842333315	31.6042798736463
0.10591051297024	2.65701621603628	2.65702363149516	21.2652301255936
0.0305367394325762	4.70561794173443	4.70561479816018	35.8714488873947
0.0706775261280717	5.57220831951286	5.57220683094135	41.8056816861516
0.0746301347506394	5.25164602252122	5.25164572127629	39.6635880414271
0.0186994401977165	2.09365138904039	2.09364254559546	17.4240355112961
0.00855013149438312	9.9263634638848	9.92636644376968	72.2735480084155
0.00899916708027258	3.575925000255	3.57591857966041	27.8757506040018
0.0705523389552805	4.83935270567094	4.83935154761272	36.8359056556411
0.0326353876136445	8.25892843865935	8.25893129982116	60.8186463271765
0.0852680572465229	3.42248720596125	3.42249910434562	27.001459582972
0.0142123585598421	5.8287797702196	5.82879264196022	43.6977597724706
0.113683808143394	7.10163043600997	7.10162724786748	52.5746494970342
0.000938461457930011	4.58817356123808	4.58816148530607	35.1628868169343
0.0413660370022038	3.72323635404063	3.72324509943621	29.0050388211928
0.0625848374210323	5.70550049668273	5.70549550140395	42.6635829912991
0.068297064934185	3.58983182889046	3.58983737226873	28.1870498553286
0.0583726244600828	6.08296218903744	6.08295570461205	45.5365128436478
0.0394858080654096	4.75039415501742	4.75038837605587	36.2496048030984
0.0186007812676571	5.35576838334677	5.35576868645592	40.4457285702848
0.0797561633227107	1.16974774033226	1.16974243416768	11.1911497685561
0.112903022679504	6.04961944950845	6.0496313488537	45.0119851810101
0.00833613299185831	6.85592494650433	6.85593867725592	50.9160923901004
0.00718349237886412	8.46316674802614	8.46315364517541	62.1585350016677
0.113364846229439	5.90825400619191	5.90824608720362	44.0428321166536
0.0730651733828754	10.4057549804225	10.4057465483625	75.5645401259417
0.011951110282677	7.34189316860324	7.34189760956145	54.3833586578325
0.0236882737401957	2.26845202702055	2.26846120395716	18.9296830302486
0.00263350512031202	6.12147760952738	6.12148579632587	45.7320326954574
0.063682572000716	4.47399522408777	4.47398025627692	34.0576113794248
0.092535111085367	2.21489096809215	2.21488142466734	18.1939363518507
0.00539052789743519	2.70914931976941	2.70912830226605	22.0298530764379
0.14916320351812	3.71480606423252	3.71480381498636	29.0267928729119
0.00329078087807863	2.62920649108145	2.62920698282489	21.3340173900248
0.121326603778405	4.97484701030011	4.97485405414691	37.6522761596824
0.208076609959868	9.65798236578845	9.65797392745094	70.0996710249468
0.223533746834931	3.10291551019057	3.10292245261747	24.2650277423518
0.106154534361316	4.29352020023858	4.29353657107346	32.6512353849717
0.0871761539638719	2.02142175661379	2.02142180752464	17.0558562237853
0.0711692166119362	1.47070304853052	1.47071462126122	13.1457008069581
0.00697888635013894	3.36139729873623	3.36137127327826	26.4477821146203
0.00638387645803348	3.66183577963251	3.66182390363541	28.4637290447801
0.0348321597851791	6.36880789965469	6.3688103801503	47.5237318039944
0.00921098687351896	4.07053800010767	4.07054284715792	31.3697101389997
0.0367640992782345	3.69062428402186	3.69060752105612	28.7404375301017
0.144373879470294	8.02652953279485	8.02651413074354	58.9884084857654
0.0179366001723999	4.5917663637981	4.59176827455731	35.108412395944
0.0523582307913688	3.77697910728853	3.77698991250566	29.2641153433373
0.0283932009468744	3.54681484650204	3.54680332522906	27.8376279240203
0.085763787076291	6.34304446323688	6.34304119219325	47.3079477299585
0.020102043390078	7.85332191851625	7.85332777547181	57.8127018975803
0.172070586540998	6.48877432341791	6.48877048699408	48.0015521973144
0.0243178074531628	5.6191284917889	5.61912571501623	42.4308929002847
0.146586242721039	5.10001439005245	5.09999665888811	38.2018574023819
0.0121054787021342	3.00212549849174	3.00210070217609	24.0706160585923
0.00581320324275622	3.94992394177536	3.94991372788929	30.6593337486922
0.121468005457036	4.19285924707341	4.19284724120882	32.1669695448201
0.0208089650570241	2.52026011507152	2.52025509071316	20.8460015579399
0.0603822787619184	6.44097596636395	6.44096877606697	47.8693841037255
0.145106504350579	14.4054251521755	14.4054174664975	103.414608022545
0.0386182405441058	2.12502331136628	2.12501497613049	17.8477971771499
0.0821730674180157	5.11698422839758	5.11697686233145	38.8487307134923
0.073469295517907	8.16371321365443	8.16371080288243	60.0033589805009
0.0208831338578092	3.22936030454772	3.2293470235601	25.4728193326953
0.000450218402199897	3.72785653832029	3.7278645322153	29.1458512048135
0.0176576917076568	5.58331501099872	5.58331547701947	42.0298798491307
0.00788871576385197	2.55862942950912	2.55862501829627	20.8597291151246
0.0145290506862948	2.02613139223295	2.02610931661363	17.1693514198535
0.139130901969221	6.5989407356028	6.59895148726243	48.8742537672983
0.103390828162303	6.19877455517701	6.19878583926079	46.2322384605756
0.0461045640271316	6.33592749240417	6.33592779680854	47.2843986421201
0.0884932562164912	4.60831082247781	4.6082952531911	35.2011337656564
0.0937874444605329	9.53592798899186	9.53592367486197	69.727112790833
0.0978917446190194	4.61874747893861	4.61874393317884	35.3668512283077
0.0393472644567614	0.834432625646307	0.834437805726385	8.55618360583154
0.11469809027841	10.2205287849245	10.2205289452612	74.245573401343
0.0796106295471013	6.59294915319447	6.59295904151857	48.9556163156781
0.0615180963362871	6.18641610847681	6.18642699516001	46.1719713595546
0.13133388092619	6.68188139438738	6.6818841960904	49.4229186590842
0.0815983090581101	7.08617220751155	7.08617090936679	52.6590793881284
0.0611818937028098	3.52426390258207	3.52426665040948	27.5701715533187
0.087042680815621	4.55594626903569	4.55594216454688	34.6890308819048
0.0115992783347629	3.83794025867044	3.83794713406425	29.7726577198075
0.00127260364869816	5.50875811194469	5.50877067843498	41.5491434501667
0.0476627855384299	6.24053426889337	6.24053208195042	46.6025727924953
0.0459371680741381	2.90595844675257	2.90595270138519	23.1792923520369
0.0596800247608802	5.12437969903032	5.12438583751196	38.6835917759104
0.0785918656140397	3.99429549318357	3.99429863836294	30.8410197614813
0.0481273242890302	10.1635956359767	10.1635840564381	74.0110579652967
0.0693851846945333	9.04049785180411	9.04048614852855	66.0831975458086
0.0682005418365181	5.5490315244144	5.54903458526457	41.7275920420462
0.0411381502751702	2.68007357410203	2.68007920761902	21.7369643339784
0.216637063506211	2.02711911414938	2.02710932635373	16.7455334258924
0.0652374510835135	6.13062549218775	6.13062850626782	45.7200985200231
0.00549217970664969	9.7417206515958	9.74171763522315	71.1343877856057
0.0494084974627508	4.36568629513002	4.36568670519946	33.4145578543536
0.00750816851640005	2.58035035778204	2.58035400933561	21.0600821619203
0.347472792867645	7.13655062877153	7.13654377474768	52.2032361794974
0.0279122120857095	3.38360647298961	3.38359655977404	26.8162988172396
0.0692450205175492	6.57441914504366	6.57441705387177	48.9781579643644
0.198118358687216	3.52449706447197	3.52450439751815	27.089133567509
0.0633624824957985	6.19088150952689	6.19088651388259	46.3614923931881
0.098485306866875	4.70801656552052	4.70800289925553	35.7693415231407
0.0627687849553402	6.12679909691973	6.1268122921978	45.5870090085917
0.0269946333938137	7.48781073199754	7.48780884081056	55.3779043569336
0.0312608508190019	1.86247335378864	1.86246429312121	16.1064867525516
0.036857885216613	2.89182158351897	2.89181665457171	23.4270589845817
0.00230776868525582	4.71686347071133	4.71688283400109	36.047214980134
0.0340481286572739	5.47149152072967	5.47149701500318	41.2614996612608
0.0373072718671524	5.70094037511909	5.70092510921233	42.9617864168492
0.28333162069906	5.66392905873976	5.66391803514947	42.2472105824937
0.0247389043665813	4.64140400987162	4.64138867719898	35.483542512672
0.136394409790411	3.19179465231483	3.19178258101254	25.0320466433895
0.0163230910895783	5.89705767433206	5.89704325956454	44.2529086769187
0.0269994858542121	6.30571608673566	6.3057088284989	47.015441011942
0.000124362160139475	3.7405466668961	3.74056595708273	29.0289034404916
0.0294312480511707	5.30911814867229	5.30909955214987	40.2628452438916
0.0201769313180935	6.57083141551109	6.57084045653374	48.9673005312484
0.124314928614936	4.01499482674656	4.01500189666645	30.9541515501711
0.060211207631312	2.89012672041208	2.89012119397831	23.2271633443406
0.109936015765376	2.85284740258401	2.8528351508608	22.7593784992218
0.000537494595308964	3.43913194643544	3.43913452915564	27.0505601370323
0.0170604763255556	2.71667279876649	2.71664434011005	22.1760226504316
0.14043691866736	3.57414282292658	3.57414515259659	27.5624661558401
0.0204103500716066	3.44707185477687	3.44705644278099	27.1149291422322
0.0184148396397437	8.69877688965442	8.69876855932889	63.7349979611763
0.117049555992068	8.08503625512004	8.08504110697505	59.3333255947759
0.0709077523476433	11.4902223886554	11.4902174777022	83.284981628116
0.0233496769702891	5.66275130270417	5.66275382564599	42.7014704392559
0.207724581622668	4.42987003748481	4.42987567156865	33.6133130139611
0.0140048823444156	3.38470989363507	3.38470324477325	26.627434749814
0.149559299403836	6.81539879536717	6.8154070998949	50.4324505332774
0.0309704811296739	9.08017445022086	9.08017917043091	66.5461518944418
0.0163177031293673	2.62405085814971	2.62405352710309	21.3980313026435
0.00989129485362874	1.75686621318044	1.75685776864893	15.2784575322171
0.0236270708042708	9.50317044664172	9.50317223233323	69.6039943133832
0.0148436399827342	6.49057243720151	6.49058749706156	48.5185560804302
0.0522141923329632	6.21077686219482	6.21078670392636	46.4690310618325
0.00623042454337809	3.31584037969253	3.31585091775961	26.1162840330014
0.0767020137491644	2.71904600217654	2.71905111252881	21.8886979106441
0.0177505104543428	4.80591153809014	4.80590475698556	36.5311734311482
0.00870306097206475	5.77550022911609	5.77549725393094	43.4003189216174
0.109124249257568	6.68166904212897	6.6816745637132	49.5995961421244
0.0377188163110309	1.22019463002336	1.22018790018686	11.3388484774433
0.00789245582777194	3.72138108695639	3.72137372100132	28.9575005431553
0.0113769676416478	1.16202956626344	1.16203343748738	11.234586938312
0.174185418770918	3.0394259863588	3.0394285237179	23.9186571969214
0.0163787155857139	1.90228158480122	1.90228420028025	16.1137358934994
0.0113282755354615	8.05496600718975	8.05496861724164	59.2621000737149
0.0462132881395363	7.25903375627556	7.25903537178687	53.7677750058087
0.0906156940022064	4.60020364787549	4.60021086051847	34.9040173804457
0.025289722499573	5.22109288204884	5.22107454763305	39.5052690088214
0.000871638094938595	9.54592582106917	9.54591537623478	69.6988428360162
0.0493335057214324	4.23323408386389	4.23323685516733	32.5538680801318
0.0259472103118497	3.280979643759	3.28099045890671	25.8319124089854
0.0188527549508105	3.22282840302647	3.22281297612293	25.5222044172833
0.0838178971394334	2.78159876134405	2.78159164827418	22.429438068819
0.145452238899718	3.75408611846442	3.75408554991453	29.1138551100717
0.096799299464994	1.84927846368078	1.84929394147115	15.7336052071016
0.0107629218391314	2.31323724364625	2.31323627359882	19.2386094206696
0.0194137392973889	6.0547706403271	6.05478046240125	45.3527392654962
0.000241142187337481	5.2587566018933	5.25874956409059	39.5786225686784
0.0412969265465274	3.10332608670267	3.10333055816577	24.5586223607411
0.016986760594805	6.32711311818551	6.32711741022667	47.3059599680231
0.125559488687533	4.40236060311979	4.402363257776	33.612806267033
0.052852728689264	11.1878654772953	11.187866889116	81.3615763600595
0.146525798992346	2.86814956820722	2.8681542436859	22.869682363214
0.16139705493374	2.90571680535584	2.90569533312573	23.1750953330115
0.156238877632894	4.65880644058753	4.65881834873469	35.3081768282091
0.184208446350757	4.53775461218848	4.53776927190383	34.4545692022817
0.0557385020786412	1.6955913369933	1.69557773526047	14.8255327413603
0.025043170248503	4.43568987677216	4.43569484617291	34.0042605287594
0.015389958693328	5.45454873265955	5.45454840009669	41.2483487555823
0.0295359788476027	3.2510054147573	3.25103864464478	25.7164684596557
0.0166564077875233	5.66392437014089	5.66394139471836	42.7304572878548
0.101564243740325	5.94364928929139	5.94365574761319	44.4543709461789
0.0860472257322682	5.05847833079887	5.05848505741727	38.1270506278709
0.000873378835672459	4.6133047607039	4.61330291634855	35.412444019236
0.204023793332529	1.19523301969356	1.19522905732751	10.9399355728365
0.271833976116562	4.16966635814313	4.16966943006244	31.5674618714675
0.0668067027193048	3.75109062715792	3.75108405174349	29.1279878171141
0.0431861801210889	7.17078625977248	7.17080475443828	53.1931393139431
0.00306644214504591	3.84621366469196	3.84622408263336	30.0291149946952
0.0425191896633535	2.43464351739408	2.43464150066061	20.0357547984201
0.153038884354868	4.36576184974798	4.36577160827841	33.2559720553622
0.0433179054999037	3.98613091733648	3.98614276713571	30.905095994055
0.0139359112897034	4.4942392917851	4.49423305621953	34.3268917953297
0.0332426599651783	6.3289793577126	6.32898007789837	47.0983235056125
0.000531348814439459	5.46288000444995	5.46287958587134	41.180184754644
0.0360060964480732	3.18409716167639	3.1840733422842	25.1950746826752
0.153176341865197	4.4813471021296	4.48135147589843	34.1060396436305
0.0544070176424131	10.0314282728173	10.0314292570454	72.9550679370275
0.0137759405385204	3.10399085071525	3.10400395845576	24.4879683106695
0.0165974092469252	7.09885650933863	7.09885413383329	52.5503512225788
0.0071506143374042	3.59245497820502	3.59243780073855	28.1825094195901
0.0139209892494753	3.85078799847896	3.85077945079582	29.850129176813
0.013486780512512	3.71714339322049	3.71713703480743	29.032255425342
0.0537352155667732	2.39721889852011	2.39722399936176	19.6468371220887
0.0120825661772636	10.6823218691948	10.6823452066722	77.6236205374459
0.000703896601675331	4.9498578521899	4.94985635580138	37.7250479123354
0.0439431274204386	3.24254258564808	3.24254285053287	25.6224722774089
0.0016510784780221	7.68429782805457	7.68430283061289	56.8089919475038
0.0344150355404449	8.76695929471586	8.7669606342508	64.3236036522855
0.0948876788721703	5.2648095972262	5.26481816708419	39.7729990099983
0.0730336129034849	3.22841172293209	3.22841356382139	25.3796328356148
0.0881785265779789	4.4670157223749	4.46702230889552	34.1433079784844
0.318209369575367	2.73999997470393	2.73997698840819	21.5533629455458
0.101843702605813	4.64709548560167	4.64710543954431	35.2896570724509
0.0989468204348914	6.45184033071414	6.45183696875927	47.9352188880724
0.0473541487171926	4.52354603674086	4.52353948917426	34.7309064366316
0.0854085669741542	11.761622318032	11.7616117706459	85.0322249285089
0.0156999802061492	5.40894225283637	5.40892865223858	40.6776638074328
0.0089911243130556	5.65647377354699	5.65646203509498	42.6092702163587
0.0594806662802445	1.9349089726708	1.93490566832185	16.2691770894137
0.155813427589056	6.52358851734188	6.52358798002423	48.2883704079376
0.0673981357989561	4.26092686800723	4.26095036375492	32.6586149344144
0.00176605841163409	6.31015015417046	6.31014660991304	47.1754816297427
0.0167462064963033	3.13992459722516	3.13990972968288	24.8953405199086
0.0095614185368889	10.6657890586129	10.665784930568	77.7650768267041
0.0866087550867456	2.65142858626944	2.65142457293819	21.3450442408622
0.0114322522055604	1.9510038648887	1.9510110785475	16.7376093707551
0.0273482878188875	6.00234572309366	6.00234125843499	44.7960939633331
0.141713189916982	2.54697194682775	2.54696765896658	20.4632899783759
0.0083213431418823	4.46077638237756	4.46078423088281	34.1559284764035
0.0618041969993594	3.40195103912348	3.40193508003184	26.9063930991735
0.140074811694881	5.3210879007354	5.32108088750555	40.1573934397007
0.033778806221312	6.91885993587139	6.91885591067704	51.2146545224989
0.144697704643474	7.0523458321943	7.0523505326117	52.1451259224167
0.040611760615985	2.8983414340782	2.89833912500099	23.172628821617
0.00615811238513119	3.27413052666671	3.27412001568918	25.9978243143599
0.000298790591549157	8.44808599733515	8.44808027121324	62.3873882054289
0.0831475201340287	8.20439715968268	8.20441093021133	60.2977984563402
0.00318748211873784	4.74663417225714	4.74663800243488	36.2227526336613
0.122870324264082	6.92924940133549	6.92926282209745	51.2441120569202
0.0281687957950197	8.71463900675199	8.71464387859617	63.950233969418
0.196170340811008	7.08059246888914	7.08059845333153	52.0864486694596
0.0545238655983592	3.71067054023436	3.71067292638981	28.8784147571226
0.0410272968815512	7.30800714469302	7.30801169196964	54.0439111827841
0.0226897879863593	3.80633677419802	3.80634244306536	29.4545557207686
0.0884469597971433	7.04836554999949	7.04836741705198	51.9170651115764
0.0168775009735414	4.86442476029093	4.86441107096984	36.7992845532361
0.0133656137926756	6.96644404746477	6.96646014496836	51.6842140233463
0.0773118917753901	4.4635956000894	4.46358797632049	34.0779677321692
0.0910682956658617	4.08177621185735	4.08178154488908	31.4117074471152
0.0619875086446221	1.97573948611267	1.97573865904674	16.6921706194342
0.0767463180866304	9.86941907841126	9.86941857716755	71.8181882094837
0.0864513998794192	4.05507148002187	4.05506797118307	31.1524479888466
0.0528618614419856	5.02906671451357	5.02905635480696	38.1108171437557
0.0406333555815828	2.94496510516539	2.94496346346206	23.6392861983779
0.0192401264136152	4.52477394885333	4.52477966525108	34.6409199524554
0.0771581976074333	7.5258068709799	7.52579700986056	55.5322384914555
0.062414500978617	5.74415193284443	5.74414920913793	43.2095633873281
0.035515984307376	5.88463053896691	5.88463736786889	44.101666191574
0.0780715352636529	3.32632858925321	3.32634565574242	26.0944342682837
0.017224772491037	7.04626987558471	7.04626823721338	52.444899172425
0.145994996611173	5.92551072210239	5.92550519550903	44.1623478708477
0.0103362168050828	8.13786669813305	8.1378670063877	60.0187119380921
0.129032475061845	2.38974262692318	2.38974488414098	19.4148091949803
0.00801210247767272	2.16150802497121	2.16152341372808	18.0682942595691
0.00811788349916863	7.20769661970227	7.20768752460261	53.5325763376562
0.0429712126974557	10.7066945741773	10.7066875467172	77.9890306875336
0.0808990400189512	4.05624928608882	4.05625287927291	31.4520327714096
0.0652130244647234	4.9793729639253	4.97936465018342	37.5426276724993
0.0165312475338915	3.56251071387977	3.56250696730206	27.7484231676261
0.0322658286935554	4.4980825921663	4.49806476930358	34.4089467250155
0.0798615173076751	2.8379253208483	2.83793657247111	22.6297462172343
0.0953281274128079	4.55647956748099	4.55648876441571	34.5982211376072
0.000573887797452108	3.52485729731643	3.52485549328458	27.8168333470769
0.043531404252201	1.65639159298795	1.6563693757837	14.5754781043534
0.0843778830413392	6.0194721642694	6.01946011092979	44.8436899390401
0.0267626450667949	2.2600422772298	2.26003588843341	18.739728428153
0.155707550183784	2.49844790022257	2.49845983960785	20.0826140592383
0.0915003040333981	3.94624587290743	3.94625263089942	30.5752193480778
0.0182084148284039	5.67836076972885	5.67835633082706	42.8543857576483
0.00385667849999095	1.72994880471283	1.72994120291893	15.0514011119909
0.102947795624185	10.5685111498733	10.5685060656372	76.7417623012712
0.00531633953609661	4.42473062238616	4.42472202013274	34.1186571513351
0.0602115340772471	3.15720348537743	3.15722969285746	24.9717727878998
0.0506355091795859	3.1448227697017	3.1448351132689	24.9355442510991
0.0352472783122236	3.18287293045684	3.18288540905135	25.0834140891175
0.114490284765626	3.65085253243287	3.65085551878559	28.2397929489702
0.0201376300900374	6.73545774808821	6.7354540980651	50.0910335382551
0.00500679341726696	3.18244269480741	3.18245119198621	25.0379887875198
0.0724412808454793	3.2068481465764	3.20684051934398	25.2559767913556
0.0229770041158386	3.43840719723247	3.43841855045935	27.0213450183963
0.0815826181790052	4.00588534038216	4.00588567576074	30.8587515482825
0.00532151144402214	2.40032028875552	2.4003038256611	19.8137525310757
0.234334963732724	5.08755168509862	5.08754411764287	38.2423062841255
0.160470163385983	1.99272294488575	1.99271486807731	16.7315078450499
0.0338213159599256	3.02097639144528	3.02097180996694	24.112416348861
0.038605834627945	6.58722695839527	6.58724474428147	49.1035123182039
0.00214114215864655	3.63035066530449	3.63036297874344	28.4811087321929
0.0158957520728232	2.8839342072015	2.88393265758575	23.1211972130992
0.127509159591543	3.24711635754446	3.24711856304856	25.5743797258591
0.0433081872156827	4.59006403237856	4.59006145412325	35.1086728815285
0.138316916434365	3.67005355875716	3.67005503562302	28.2239296191979
0.104912873223362	4.7655111096369	4.76550905293665	36.2475573083267
0.0322772850414661	6.1402202207725	6.1402204741419	45.9995916966779
0.0182175737621429	12.9943908004332	12.9944142793521	93.8938212715356
0.0185350995431439	4.18102037528041	4.18101674610881	32.3548259666698
0.0205577667283397	5.88769295426783	5.88770003444408	44.0839240388425
0.197109793109482	6.92208388575402	6.92208885544633	51.0599135935949
0.0512435881120316	1.56952723531752	1.56954892583116	13.7448840537313
0.0621044997409628	4.67736584890889	4.67737213532923	35.7876542366338
0.01390237720126	1.94768986442843	1.94770082931147	16.7898733871175
0.0603786780433787	8.92946708766758	8.92943412160241	65.3158369301734
0.0824377793427683	7.23934640704944	7.23933901714025	53.4851465750904
0.0811723005635572	2.74790104150739	2.74789942162309	22.0447814420942
0.0977618428533989	6.96216816651222	6.96218220662396	51.4524085145823
0.069394083329972	2.85442531775199	2.85442213646233	22.753393523233
0.0075393396872134	7.69422253207731	7.69421767101127	56.8151066445749
0.0831593598864862	4.44677227862944	4.44678117891771	34.0487925757609
0.0206287572912393	10.0494589327629	10.0494576761627	73.2443401440043
0.0491376696603953	7.96135632765634	7.96135387241052	58.5697404966953
0.00869596436720978	4.31087207405417	4.31086867388487	33.1306015929153
0.0517881925881753	1.27909854630493	1.27911196889973	11.7343084118059
0.00199852256261251	9.63217298495734	9.63216159786878	70.4839715146997
0.00395435366315511	2.99508743149569	2.99507323467236	24.0151819965996
0.0468404403125556	6.82626792560427	6.82627043275833	50.8070334935082
0.114703158781314	3.06523438398924	3.06521367623914	24.2634199135328
0.00399513621128369	9.30175762301849	9.30175655976586	68.1545275897505
0.0518236408123253	10.404699661058	10.4047013007655	75.7556185984795
0.0447952568974086	4.08673086444289	4.08674892377503	31.4003539457264
0.10451038072351	5.4127773546124	5.41278588027519	40.7229944252151
0.00315305633887547	3.4930960636987	3.49310019003148	27.5208444290291
0.067219569464232	5.85646123293774	5.85646431939864	43.9314682865618
0.0543082289966411	5.24846484407848	5.24847955307136	39.7123818148455
0.0174738653951917	4.58895720965074	4.58896261937339	35.3309211366389
0.011582062341782	3.09944542264964	3.09944883011075	24.6079162302637
0.0137634263939779	3.77471796911278	3.77473219099525	29.4052759741321
0.0259196623089919	3.46955128782591	3.46955862870577	27.153212729247
0.101352289258938	6.29349941484414	6.29350490113757	46.8044456236193
0.102192439572124	5.97815709559336	5.97816041784765	44.6573197390172
0.0364646654377603	5.0317020329998	5.03169749013409	38.2835077502254
0.203042439798825	9.1946764646267	9.19469072829125	66.866852733743
0.0263382814335755	7.08770212310323	7.08771008881	52.5198673271
0.0549582998793575	3.43573921728624	3.43575750954772	26.7835030960045
0.000214389148056632	2.73005250262441	2.7300462745416	22.0551651588396
0.0770649507425876	6.33170039850471	6.33170539899994	47.1885471755475
0.0620809557639575	5.32069985132264	5.3206920572975	40.1590764981669
0.0275251317176748	5.04698202727782	5.04697616055992	38.376913662752
0.0887016858959215	1.86978239849864	1.86979042682653	15.7936235615183
0.119542503073703	5.04060880988038	5.04062335678604	38.0695863766624
0.0404404513535489	10.5062109467149	10.5062153438416	76.4363084120214
0.0214258243818776	3.20104628669341	3.20106367475422	25.4588721936551
0.0289521867342808	7.08346592226008	7.08345696955941	52.4768428192877
0.030538906756151	8.51812869774071	8.51813887954116	62.5206891869822
0.0565488153867249	8.34619677547733	8.34618088522458	61.2868056175209
0.0188934126418583	4.14331768946086	4.14334234878793	32.0029770286693
0.0108712336660195	5.89168362234321	5.89167785664335	44.2243967301242
0.100146442891322	2.16599871683897	2.16600037314579	17.9175208854457
0.0208777056668255	2.89226692925193	2.89227185050757	23.0821189249533
0.0383573588774729	5.25407008566285	5.2540680861564	39.5724783326145
0.114125776559681	6.9950800252066	6.99508627410684	51.7528331326756
0.145874428745865	3.1217053897378	3.12171079942017	24.4800079962288
0.294844458604217	6.2253815278091	6.22539515062439	46.0073361919417
0.0609069096998508	5.01920909809086	5.01921875189595	38.1749687407837
0.0104856517763226	5.30909931759083	5.30909103821485	39.9869451484007
0.0872797303804699	2.36962917104792	2.36962915921289	19.3030080161767
0.0056447762210383	4.60333524051924	4.60333048624848	35.1926050655546
0.0731669936118837	6.89379706715997	6.89379634108977	50.9978754597141
0.168985148833002	10.1464460231847	10.146456065011	73.6197135328084
0.0259545155728187	9.56779925262112	9.56779743903992	70.1525148177904
0.0676131885534671	3.27726680043946	3.27727538408209	25.9387762535821
0.0274080595534256	3.25974162497836	3.25974344741688	25.8500883855624
0.215587577128494	5.2256898486155	5.22568015037566	39.1651779544115
0.159097870961808	2.63050223520538	2.63048847622944	21.0962895603527
0.0660065119465386	5.16802054162932	5.1680076397014	39.0163382479788
0.0620178229306105	11.1025776847407	11.102585737774	80.675626455343
0.0409293081538191	5.43730561845175	5.43731727938548	40.6628263756665
0.0306173772729459	6.80572751007539	6.80573482545466	50.6474698045333
0.150691619326908	6.74806474511619	6.74806769617055	49.9431528647834
0.0874602978026202	3.22206059346894	3.22207480875874	25.2558033366887
0.104639573617784	6.64128710088132	6.64127321329693	49.1673002111474
0.0193484769595053	1.14652738327499	1.14652739533069	10.9522337143214
0.0663125428101408	1.92758306847862	1.92758400209446	16.3336631997447
0.0191747619848358	4.27450643220067	4.27450229248267	32.8096900747164
0.00890603135378837	4.62442045955282	4.62441099704772	35.3388826622499
0.0599436254797686	3.6681716731832	3.66818480721579	28.6082164069201
0.0115692654667935	4.1413512277918	4.14134965084461	32.0678763314591
0.184563706351576	4.16883284092086	4.16882601093849	31.7683405173734
0.0247149666440829	4.21770720470192	4.21770367538512	32.4091092538864
0.0158072368308814	6.49954598364268	6.49953753406658	48.4526733273227
0.0657282395172055	5.79592772684622	5.79591645206393	43.416202485859
0.0532520278180555	2.9752445666373	2.97524553390086	23.7617243420932
0.0352084036252149	0.855068108207466	0.855077246646506	8.92314079022785
0.0680305468184555	5.19144553965336	5.1914386744117	39.1218018653372
0.000640664758900754	4.14508926692646	4.14509185237282	32.0149823753325
0.0315265753753328	1.69779681357295	1.69780791516061	14.8347958764941
0.0981645913908203	4.15622328143681	4.15624619796423	32.0510924050975
0.0222064940412699	4.69520036519348	4.6951931307544	35.6824192085534
0.0969514720804608	4.62465753430013	4.62465393110758	35.2013046518544
0.168609797166923	5.57728911386873	5.57727462140573	41.6749158567706
0.108049589065058	6.53902276717347	6.53902947075321	48.5718292228791
0.0814649175320424	3.74787923720965	3.74787300525005	29.0028511784798
0.160362522543597	1.89850740635975	1.89850779166689	16.0329850336427
0.0224604093503719	4.19117003123703	4.19117181866856	32.274115543419
0.00811179458267826	4.2030284400247	4.2030182155101	32.2789315656198
0.0946373946468499	3.99015097683235	3.99014579982012	30.7650916890814
0.125880422519379	6.68034825023851	6.68033583519051	49.5237388661159
0.0240409118433752	4.08582938741896	4.0858415983397	31.5972995947743
0.00187667502979343	4.39490369250124	4.39489923912958	33.6619640303482
0.159339834984254	3.58672302763712	3.58673745551667	27.6916224866955
0.0377362740695368	6.40366821400544	6.40367303821136	47.7550324967096
0.0157565062986985	1.97147656101404	1.97146305985446	16.8133465376354
0.024599114692838	5.56289320919894	5.56287552965568	41.9045686308932
0.00652181476509823	1.45013928143831	1.45013441423252	13.1000991765418
0.0641240429910826	6.0473196135502	6.04732037665447	45.303643446502
0.177778063439245	7.70633942225677	7.7063356275036	56.5373817860601
0.16135490802501	3.30598877074764	3.30601166714292	25.9317604874747
0.0728127279971154	7.17346722393174	7.17346414214863	53.1310015540672
0.00535610685237802	5.39402305982617	5.39401219800512	40.8386278528593
0.0109127560803624	10.9325222300972	10.9325197636119	79.5893200471692
0.0276377656863355	3.13387125495948	3.1338672698149	24.9323584269113
0.110473645391033	6.76590522178858	6.76590913006177	50.1738130428881
0.219211958800982	4.68842809716274	4.68844585867259	35.3943381156377
0.0582090892274763	5.01630645282285	5.01631801744865	38.1345637360255
0.0527689531816052	5.2552643905527	5.25527606668695	39.5823442675508
0.0163551725447229	4.51772810843914	4.51773393268968	34.6065990932362
0.0204831844770326	3.33189184609062	3.33190423039321	26.4178640958312
0.11624890887559	5.08362952437506	5.08365105417813	38.1221470395523
0.123428188068677	2.3732552776241	2.37324208708777	19.3196696706448
0.00545222832474066	6.90216447453379	6.90215793658767	51.2831225575173
0.103418531138841	2.38181389437505	2.38180171154762	19.2711742333576
0.00570506360829465	2.73063893429085	2.73065759271532	22.0818128548397
0.0430890796213755	6.36206700412349	6.36204768846445	47.4734377053683
0.00524083970730877	5.99409615755344	5.99408737882818	44.9500329069993
0.0754707144322792	5.24456244044978	5.24456258235939	39.6742224300987
0.000162732833101956	3.12863071955957	3.12863437082419	24.9764729956966
0.0509540085954546	5.07103090433505	5.07101806542721	38.5738773039707
0.0113964506097488	5.86427834773114	5.86428814232022	43.9691328080154
0.238610443712717	5.61496635284951	5.61497072352929	41.9004456585492
0.0197045716392297	1.23688752349609	1.23690749507492	11.5863773053582
0.0209962063212081	2.10633026317034	2.10632953628397	17.9040474763412
0.0575860040874466	4.49285196489802	4.49285479441253	34.3060812751043
0.0216173209551695	4.27784558755928	4.2778435319472	32.9403586228286
0.0168609852536302	4.09802246600154	4.09800233067688	31.7021016093955
0.122592188575679	4.65395365895859	4.65396172688958	35.3298092060771
0.25490928983581	4.81434949879902	4.81435965556197	36.2397448017116
0.165291195263183	5.33487199462963	5.33487833261055	40.009284505196
0.0900654802341873	3.00302942975257	3.00303820164962	23.6877439061793
0.321350977833735	6.29763328714757	6.29763541898982	46.362162398056
0.0289779229258885	2.81642406163269	2.81641136598004	22.6848487568593
0.00733750563387431	9.82553634325393	9.82553703254864	71.6919430631212
0.010306085103224	4.75559504133958	4.75560323303139	36.1467927063141
0.0235066096665598	6.15532542298897	6.15532433924184	45.988234463058
0.0418963559398319	2.80529332919589	2.80530178218516	22.5622873381491
0.151382140089227	8.23342259043781	8.23343346452851	60.3463445788097
0.0228857666614976	3.04866186242565	3.0486634945087	24.4803052895462
0.0582994493086457	6.58359562650799	6.58358683979088	49.0730851220244
0.118889769575288	7.782407367043	7.78241173397984	57.3659410580972
0.086947488616211	3.32793967199769	3.32795547211226	26.2361526017525
0.0231629908601231	5.04373233794383	5.04376261661866	38.1681946161398
0.05837484976528	5.75976700083468	5.75978418664297	43.2214589185583
0.046622689236923	6.13191533398749	6.13189231758639	45.9192787460918
0.0137942369072618	4.99387156229173	4.99387221185528	37.9174306992834
0.0662965113463764	2.65723392343668	2.6572384786118	21.3596105284879
0.0501355685362098	8.04221964233272	8.04221541764681	59.2751842962611
0.0631985439748151	6.31972550242849	6.31973147480466	47.0961660203875
0.241616681266096	4.75085704627816	4.75085120934159	35.813634741261
0.071522457932923	4.09185412220956	4.09186551181307	31.5304803644526
0.156327045248922	7.2896516148994	7.28964202514009	53.6058852429083
0.0180799008322419	1.7395899456985	1.73959511659431	15.1664668756853
0.0417345283673624	4.96369170011283	4.96368028762712	37.8982350595453
0.112144438183902	5.69602449063749	5.69601129928974	42.8858032341842
0.0169595912597438	3.38918526697174	3.38918386846158	26.7580102545199
0.0123377799166927	7.24383822572754	7.24384694080802	53.7453595594535
0.0969993254108234	5.70595971188781	5.70595668704038	42.7981715074545
0.0429728411865372	4.49335846244426	4.49334366130734	34.4247272665188
0.000670639586831662	2.48795113294374	2.48794327670538	20.4926202323358
0.0454855420949649	4.43911288491923	4.43910709957182	33.9532180273251
0.0962352651390067	7.09972666645695	7.09971863905741	52.585009113752
0.00835368257578972	3.24933651107866	3.24934484033706	25.9500673747797
0.0826344028779401	5.34315172748959	5.34313121863468	40.2263021261948
0.087550922490799	4.8464846392323	4.84649141698837	36.7213640456117
0.0784339728678092	8.24917173709802	8.24916674304937	60.6291052317361
0.00515555401528099	2.96581375633559	2.96581813847829	23.6647807838084
0.0598573326618425	8.51418508069582	8.51417251118836	62.5327498958417
0.00320143398271619	3.84803258643857	3.848049005611	29.9994487783059
0.129438377217433	8.45150552102289	8.45151006113559	62.0087102406974
0.0017843165126833	4.63305228763677	4.6330410312119	35.2419907670436
0.260816002830261	2.84148646838598	2.84146292955017	22.1978011877754
0.0480819391853977	2.36937914360797	2.36937485779227	19.514092807873
0.00709782148833072	1.76759607567791	1.76761188286012	15.2007715328602
0.0703726864520502	6.75954443394653	6.75954181346535	50.4444505473707
0.0389957507566595	3.8868604682911	3.88685636829436	30.1494367033941
0.0397828570649708	3.70630116123984	3.70629911946948	28.8459612903245
0.090920899536774	1.93539881168706	1.93539924114752	16.1799786980661
0.0467657003536009	2.80002501907699	2.80002595178652	22.4307816517961
0.0265398142090708	3.31359752783447	3.31359425441233	26.2334408044843
0.14101684773923	1.76541864317517	1.76540421793479	15.1613175009344
0.015430085532306	4.54636844746017	4.54635033716072	34.7975863278402
0.00439389321418551	6.08156379897356	6.08155624447393	45.5119477370322
0.00542051001657442	5.60095714312786	5.60094378150755	42.241079047527
0.058710871679244	8.66768255185033	8.66766610540491	63.6414149370648
0.0708122194365452	3.62690225525978	3.626908079287	28.3543543708721
0.13411192815935	6.1625379824504	6.16251606667742	45.738791000993
0.0462722081728378	4.72710872968985	4.7271070293128	35.9927131108931
0.0283596232944038	3.65518753144314	3.65520358442081	28.4214804052018
0.113546420549308	10.7264509987206	10.726442453354	78.0347524723976
0.0145075525666233	6.79904779003731	6.79904681268507	50.5535480212812
0.0399618870505534	5.22608235813739	5.22606655913262	39.4878390684311
0.0190938062714215	6.44816157726794	6.44817133359222	48.1060549492
0.05012932334309	7.91183630431128	7.91183901991022	58.2881674642899
0.0326809454901732	15.2069459533513	15.2069752782932	109.499089769286
0.0175252334870099	4.45922176438419	4.45924574132297	34.3156597783285
0.0485109017064882	6.63703989491602	6.63703372540853	49.4241448150055
0.0767267416629379	7.10441631939847	7.10440549892917	52.646135952516
0.0253924301404407	3.65540243571598	3.65542202425145	28.3698889305477
0.0157323295937858	2.77277729218804	2.77274569535067	22.4943580640503
0.0162730794900806	7.31823609759778	7.3182226729241	54.271549880003
0.0519298459786054	5.74814774263671	5.74816010884556	43.1970814784069
0.037479047020402	7.59378031780006	7.5937765240311	56.1985266864994
0.0506738148146346	3.57396530389928	3.57397453367896	27.8042010182755
0.0585536219184381	3.70427940033077	3.70427566117963	28.6171855137791
0.170717545347421	5.2965132147258	5.29651319726715	39.6935664229068
0.054124666998708	10.9594807279208	10.9594759913179	79.5852409290997
0.0336660401398561	2.78719448442315	2.78721719239106	22.4899579065348
0.0604023405792549	5.59671847402646	5.59672666372413	42.1066247951304
0.0602251764519441	1.92667469720167	1.92665577775405	16.3032330327932
0.0687608632729051	2.95381494968677	2.95379967854495	23.494925643363
0.133687906900838	6.40749503496832	6.40749167901953	47.671949493913
0.139171170645886	6.5776643332705	6.57766604682816	48.7866228576601
0.0307156166724979	3.50986292436466	3.5098698283247	27.6145694651073
0.0508184034451956	3.29894827587891	3.29893402267361	25.9154681038725
0.0766000930719955	4.90414134034934	4.9041373149294	37.3100726704761
0.0232898374065792	5.50801326371045	5.50800362000092	41.6159853244324
0.102532932903394	7.63176375451445	7.63176274138061	56.0453672841779
0.0951043905274695	8.37626594958168	8.37624526001643	61.3933085811809
0.0209151244711238	5.21310975171527	5.21310576420545	39.1631053287107
0.11621547871048	4.9533554562494	4.95335838515224	37.4711334416515
0.0365393615886288	5.04151812851075	5.0415171403998	38.2199268873429
0.0659658057606925	4.05785507804244	4.05784221126972	31.1873805801678
0.0367768143101049	6.68416536730062	6.6841663420322	49.5620678533216
0.258517841206839	8.17340283703242	8.17340996526524	59.6805395339423
0.002035518306546	4.23728412741082	4.23725916214084	32.7932981783246
0.122466152174375	7.4073322388142	7.40732866396403	54.7356982531482
0.0255982244347801	7.32396220925878	7.32396937321541	54.1820398826348
0.0434874870695779	4.30805598932665	4.30806022700079	32.8451724857883
0.103209594687045	8.01237642530973	8.01237251928729	58.8753974475112
0.033050892108992	5.0125862921509	5.01258211807139	37.9551713922266
0.0288931963445626	6.3316001264963	6.33160656441759	47.2458109850777
0.0234473427819081	3.41298662398061	3.41299068650546	27.0306848866135
0.0030349407545241	3.85768042390971	3.85769140454714	30.0248053495787
0.000654541385696791	4.89463792870369	4.89462809357198	37.1422544170275
0.10502366327977	1.97649432850609	1.97649624832974	16.4261546638908
0.00220372691336096	8.15285701632565	8.15285016535301	60.0641347275641
0.0713096191504249	4.5711459431043	4.57112393829831	34.7285107210797
0.186715110198025	2.8896476628477	2.88965991435241	22.8627719553929
0.0659147803995272	2.50709151645255	2.50709001820856	20.3680460722998
0.0232835577336255	7.09994675835145	7.09994332641798	52.7102334954767
0.0215297823445092	8.09035973249074	8.0903762115377	59.4689178493479
0.20817880529434	3.16557433946755	3.16558063171393	24.8649229099482
0.0175423203222206	3.56912999723934	3.5691241986291	27.9335577807015
0.09589459304981	6.29786276494759	6.2978576028865	46.6523735162175
0.176021880663654	6.06800006151379	6.06800204756671	44.9353512226078
0.0709419882561418	5.87339216404334	5.8733875028692	44.00591210496
0.00760965562519048	4.26342580553097	4.26341326704793	32.7892347786916
0.231125411825172	4.76024866774825	4.76025488260357	35.7333702009611
0.0116286057809659	7.46952770422631	7.46950580312631	55.1850483291116
0.0291469837268773	5.25438676642891	5.25439287361658	39.6780412512266
0.166737487557908	2.81035072992026	2.81035902157175	22.2794014152544
0.11182190519856	5.82408661213895	5.82408488385239	43.6600423023264
0.00317696744786498	7.21580408411378	7.215798201579	53.3990294463447
0.0260685274401014	5.19706429629129	5.19708046151602	39.3783532097803
0.0989490636721985	3.72494579431765	3.72494875686163	28.721623056473
0.00822349030808436	4.18806527299722	4.18806295404869	32.2386532788851
0.0122646697538936	3.65302825713053	3.65301487229681	28.6816615055921
0.00989035769871033	4.99990382254612	4.99989600191122	38.0958351242896
0.160220855535578	1.7789896953392	1.77898857103321	15.1369891442157
0.0966809348878858	6.16269186207227	6.16269830058372	46.0998502762232
0.048756658241356	5.70737127842285	5.70737802739223	42.8226039224138
0.0567133568498088	8.14568074493976	8.14568852173769	59.7888070873279
0.114339953889003	5.65268768981001	5.65269092722051	42.3115297955428
0.0517460654189719	4.15160592132279	4.15159482201827	32.0738510698304
0.0428532923735551	4.64145448475827	4.6414582450277	35.1719792983029
0.0994019459506803	3.82234064139431	3.82234098464638	29.6242342426644
0.0951833671765787	4.42584341226358	4.42585221030758	33.6502476556409
0.00354945380117529	5.73018478148192	5.73017736404914	43.1475700266211
0.080523622060555	7.38517500735785	7.38517422670287	54.43139221284
0.00378488640409904	4.65922755427803	4.65923118703177	35.5674366048537
0.212202544320121	5.72793415795494	5.7279432176613	42.8573516925258
0.0647639355472184	6.28326665204248	6.28326642490233	46.9332456262758
0.0216268278313048	4.5432903883977	4.54330308571311	34.704326004349
0.205939240355811	4.26470638269696	4.26470825971514	32.4481044325447
0.0407027516398364	2.02404326508563	2.02405975780655	17.0354053601839
0.0619154010977045	1.6675087245806	1.66751578323966	14.5309342982144
0.0702803558925177	7.35135252701474	7.35134591691598	54.3736172740252
0.0409194453735941	3.57397642715766	3.57397395637164	27.8660326848041
0.0533579049569039	4.87109401734966	4.87108770988623	36.9659597252165
0.00670768980515683	9.10751794940131	9.10752035843879	66.6836193784237
0.0770684829416522	5.74760567756126	5.74760065282704	42.8135422047874
0.21687424656979	4.03537503605159	4.03536764858202	30.695952710362
0.0316221931314769	1.94349406252499	1.94350038644881	16.6336224154879
0.0742812661858496	7.13644279638959	7.13642185969063	52.6961255177865
0.0746231730814694	4.18648264964289	4.18647301287376	32.2090743506176
0.0261328854310823	7.83917124006244	7.83915942758176	57.6415110309004
0.0121696943233755	3.50282368813524	3.50282050037241	27.5686279871083
0.0628341075071102	2.06382218480524	2.06381947939861	17.1272290931781
0.103981620822701	4.0541427157524	4.05413498337076	31.2280890336617
0.127430932876414	4.34201309138897	4.34200131648709	33.1727291041644
0.0205982051452895	7.61066946162366	7.61068490495101	56.3603939404765
0.0015560111522376	2.76392945553607	2.76393226028495	22.4589754476414
0.0848612153173439	4.37885411421155	4.3788519543888	33.6197909477786
0.12255400786578	4.95663620564638	4.95663780105492	37.4996185159332
0.105456336280954	9.55809508957868	9.55809092663118	69.4815723943806
0.00654668913362299	7.62431771395554	7.62433562013214	56.3840585361415
0.0992954710056488	4.75423479114226	4.75424896179599	36.0701631224731
0.0358006689148779	6.1676504619898	6.16765801021888	45.9395838669897
0.0113133978167808	5.66877587816499	5.66878371185895	42.5482950868426
0.19933957739105	5.58132013732082	5.58133405250479	41.497436278439
0.0130779561784532	7.22920434715786	7.22920878603348	53.684000364968
0.0350359726742367	3.96823481262274	3.96823307429348	30.6030774051259
0.12202365433796	5.30283313951232	5.30284461714279	39.8091229653291
0.021131553681306	4.85189361788227	4.85189597682629	37.0387929094088
0.200304611734695	4.13508821296334	4.13507917913807	31.4427341874421
0.0773031394262432	6.69670915415974	6.69671488465172	49.8682311807078
0.0789625884085861	3.11849028873393	3.11848432385519	24.618166853395
0.00927305739647562	2.30396784516793	2.30397633328492	19.0229997743406
0.0075131802345534	7.78315011851811	7.78316116296694	57.3609481357645
0.0688444233809063	3.38008949859279	3.38009608118157	26.7421693804071
0.0792803507624621	8.93261201055289	8.93261205141964	65.3142384667032
0.0117495120409669	6.42510006854204	6.42510646016222	47.9660681787939
0.0182630255879764	5.96688252617878	5.96686892793015	44.6462731655735
0.0316818306700358	4.67574168159642	4.67573516050365	35.6609293047914
0.0533693420870462	5.48977323824896	5.4897794035871	41.2142593385903
0.0768437260594627	4.56836035337838	4.56835955193351	34.8409364164374
0.0415028889451132	6.35954722921672	6.35955532602344	47.3154044796871
0.0557959577089967	4.73458155988712	4.73458958328101	36.0234797042768
0.0280052272454933	7.31622298474307	7.31620835636576	54.0587457481388
0.0315200122229042	4.69015709676458	4.69017610167159	35.5952908276192
0.102345496352125	4.5928438819224	4.59285141545816	35.0240884902567
0.067720065260255	7.94913668582081	7.94914502265537	58.5149169113063
0.0707535093214126	4.11693768687848	4.11693579346343	31.5942010504619
0.0347555639627796	4.19233229489805	4.19232570069121	32.3142181617889
0.0286639376683931	4.26114175164947	4.26113664377252	32.6978642034674
0.0607350103008707	4.78034576993814	4.78035600318984	36.2877765987402
0.0202822902074489	4.7709432136229	4.77095696893467	36.5152583482296
0.0594999210420005	5.65144518966806	5.65146200299886	42.4960464859821
0.0365806107041961	6.87917400663899	6.87918248245978	51.1160429619314
0.00862221635345829	5.13780793809024	5.1378031121516	38.8132678162503
0.146167136618508	6.76674054822847	6.76673973160974	50.2009666334639
0.040970932524559	2.39292617789407	2.39291344966494	19.8970913020913
0.0748077867381303	3.30190561962958	3.30189768366145	25.9730625252913
0.134626209199946	2.66544705931603	2.66543765628278	21.3045243495889
0.0177570772509309	4.70221634027698	4.70223517794469	35.7810582783656
0.134226661783822	7.71172125970944	7.71169963952689	56.789807207787
0.0100654986613782	4.29531506681775	4.29530285239834	33.1255306462536
0.107908413016909	5.22135227915092	5.2213632899795	39.2449361199482
0.0699972971535887	4.4898277000073	4.48984839774907	34.3271516278575
0.233725174412205	6.1754904119581	6.17548010116187	45.7570761267198
0.0746486408605202	7.19003335452354	7.19004268885357	53.350083209886
0.130781610583287	7.83984945420608	7.8398544487023	57.7594044355883
0.00121930647488119	5.94260024087135	5.94259428403649	44.624854026896
0.0464177852038875	4.07963407260372	4.07963264775807	31.4940553310215
0.00749315194098556	4.2171040005898	4.21708996241275	32.5938780969913
0.05207223953875	4.16774661526843	4.16775222637609	32.0789108225632
0.0180635285467461	5.76641747938587	5.76641960733129	43.3793540026501
0.140693072353009	3.06793654421839	3.06794120678393	24.0428908963346
0.0676279138154169	5.742165029608	5.74216287260566	43.0839638325607
0.00758308984894118	4.81464860536453	4.81464452334619	36.6474147724322
0.00328740825841372	4.07161515221268	4.07162826242419	31.3477156910539
0.00372596637201294	4.39662779488537	4.39662570653173	33.7895993125326
0.00191220152058295	4.99253049486417	4.99252806348221	37.8888581511426
0.0811031311017441	6.82836220144615	6.82835470264422	50.7087929241566
0.0287563771827897	4.09570851284343	4.09571698929742	31.5293617492968
0.0399479178920277	3.35225275786322	3.35225925315296	26.4276527386441
0.0409870454645356	5.77885832924245	5.7788661829206	43.4341940088377
0.15858781538807	6.04909988162808	6.04910898494663	45.0000876209281
0.0219745583101061	3.2598098801091	3.25981649395818	25.777354673131
0.001226970760621	6.39297543788456	6.39298197749927	47.7971613585781
0.0777074033261114	5.77949847789665	5.7794995451836	43.1150907120797
0.0580789395399908	3.24091416173768	3.24092323240945	25.6289332681423
0.0253803600217468	4.89516344907482	4.89517807851334	37.1608259373845
0.00837946760319714	6.99803902862278	6.9980392464267	51.8170579865289
0.025552535680363	4.47544640394089	4.47545461569091	34.3381108885395
0.0318850835244267	14.4687145560947	14.4687014069376	104.147002608749
0.159854682624016	5.49301320672299	5.49302485694256	41.2317059373119
0.0491566815654316	5.07818684373842	5.07819346742778	38.3737010159082
0.0313209880229959	4.18067136453723	4.18066789365688	32.0546221850279
0.00399766373470214	5.46943404297656	5.46944719716231	41.1765079054251
0.0554660714853031	3.44633226867282	3.44634517111768	27.091564695161
0.155664426919334	5.45539168027033	5.45538022015067	40.9391377662911
0.162375746963343	3.06149346409668	3.06148611190009	24.2081010886902
0.034623880144876	3.810752871177	3.81073979882876	29.5719303295596
0.138285013517413	3.56726423278355	3.56726955719807	27.6234832058031
0.133357573357789	4.14431169762128	4.14432782728236	31.7385395037462
0.022069309049888	2.85813817186649	2.85813758908903	22.8571001173345
0.115934206306449	6.09657840290223	6.09657866296006	45.2974045866084
0.032831727554488	10.918291223169	10.9182861381911	79.5652949247367
0.0582041007115174	6.64697119529639	6.64698016808384	49.3770968283811
0.128269962497413	5.67093078199048	5.67094104905642	42.4821095952688
0.0302002221378975	5.86049702277223	5.86050257380544	43.8713202069128
0.327859696856861	4.087740372717	4.08775061941733	30.8569588088455
0.095118884432768	6.13909462593714	6.13910235440945	45.817728776361
0.0925540511779945	3.34245964606581	3.34245931323896	26.276567756889
0.00272956977218258	8.26122905470768	8.26123536023844	60.8511370956756
0.0097783670218368	3.72934826051185	3.72934918854525	28.8825037868089
0.180125598791371	5.37863833437345	5.37864748177536	40.3145173339697
0.0198262127182386	5.19925604165601	5.19924829707409	39.3478277552125
0.017410464649466	6.10441055776385	6.10440114716959	45.4939131997864
0.147613898979408	4.29265824684684	4.29266174470573	32.674645606396
0.0175174578698472	3.69772855964848	3.69773472433556	28.767538242642
0.0461682988621774	5.21624515304084	5.21623620554288	39.336739564098
0.109526224874111	3.5164257982508	3.51641732604683	27.3589082968032
0.139094807216523	3.40219153283748	3.40218598799846	26.4959091149741
0.0736740114487226	2.12652415386053	2.12652075072797	17.9236252614324
0.010442925439473	4.40600811995712	4.40601591583531	33.9114608915529
0.0313956974078973	2.58657820886411	2.58657983274616	21.0857562230095
0.0906389786107346	3.87487601753522	3.87487955288153	29.9660146068214
0.00753411429718045	1.35854993916927	1.35856264095165	12.6099474222739
0.0837342755660595	4.71205842464985	4.71206540690087	35.865144202526
0.286898889836193	2.75779400939512	2.75780146810395	21.8385458510062
0.0120523657274423	1.97784800390702	1.97785569714689	16.8309336159953
0.0695334936539467	2.51191592717313	2.51191040068909	20.492881828157
0.000135819248380975	8.73976489560774	8.73975105573096	64.2444709298875
0.0496850689058187	8.54919569627053	8.54920353039473	62.8158011729384
0.000882641448312843	12.1835013210424	12.183497844776	88.3431093921578
0.0437158098151899	6.03093780605049	6.03092944959834	44.9239202659111
0.0660277047575227	6.35757947289727	6.35757116421656	47.3932040361696
0.0131317724990626	0.594382227740785	0.594371885325574	7.02561352237916
0.0245378664107441	3.14012330911622	3.14012913778368	24.9182924050152
0.0307740446092491	2.83353975603915	2.8335413475213	22.6298384860647
0.0315005913101544	2.74667129022899	2.74665721517472	22.2783511066072
0.191781317502817	3.16827701534225	3.16826201720006	24.5290318973777
0.0287356568231403	2.42942633184736	2.42943104362997	19.7654429890328
0.0526011774241533	4.17829240058316	4.17830728413253	32.2326682179106
0.0520859882819952	4.33864098867807	4.33862861826864	33.1755054091532
0.0195791807944464	6.79536990870515	6.79536257288463	50.485027555533
0.130503083921422	2.29665591723117	2.29666877537974	18.7612575071451
0.040149682452361	6.6802310555591	6.68024421388178	49.8144118225138
0.0258064625288023	5.39330947932805	5.3933060512716	40.5149301030003
0.0683838617950154	2.9000657817373	2.90006155380189	23.0583442417754
0.0671976550825232	5.08856647974715	5.08856796840724	38.5224372490778
0.0388977000665709	2.86312630309475	2.86311818643296	23.0918415320646
0.091517291029875	3.85689417768204	3.85690511985308	29.8790022432221
0.212817332628992	2.26041779633502	2.26041230661545	18.2433968352724
0.0450505684988848	5.24364769744846	5.24363381963035	39.7679477439608
0.022949445642139	6.53096395323006	6.53096783025855	48.6665902068719
0.0168640873830135	2.22138566854248	2.22138083094173	18.3313688621078
0.0313084180369568	4.57351245752435	4.57351286431482	34.9420144809576
0.0699235350124359	5.84642746580294	5.84643061746783	43.688415430042
0.0773832221351507	1.953980070589	1.95399160501154	16.4486490274785
0.0174158847247082	4.62906198406039	4.62904656714707	35.2626214158218
0.0345652624155974	4.84425213425871	4.84424981655144	36.6817871923876
0.0259129941628519	2.56041841094149	2.56042568554852	20.8987269972825
0.0341608974411585	2.64988070632074	2.64988860772763	21.4817493870088
0.024867940766473	2.63623109510434	2.6362186773338	21.3878350681838
0.0181913471829996	3.06151723384779	3.06151138115625	24.2068377721428
0.0215947855205085	4.24437629997303	4.2443844245625	32.8207235120308
0.04218303266687	4.33468063269024	4.33468060755395	33.3580173453582
0.0209503488493569	4.03617089277909	4.03618521455982	31.1574538856283
0.0192570725393772	5.4817872200784	5.48180986962099	41.319398857053
0.18270541772723	2.89570628150478	2.89569145201234	22.6638878425968
0.0885476124367941	3.17525866257601	3.1752568246366	25.0478455673114
0.210700902709579	2.97543735013132	2.97543051834615	23.3834270681461
0.125113385953667	4.14818680286467	4.14818640726978	31.9170286738535
0.0386657593273064	8.2663560154661	8.26636661814151	60.7332995973246
0.0423731471021499	2.00608582263318	2.00610167248932	17.044847824039
0.0397155975402638	7.06597016605861	7.06598126138651	52.4200126407669
0.124477248475543	5.19849398799247	5.1984987592691	39.1776290915844
0.0892726858269031	7.9339740443992	7.93398600577872	58.4664431700475
0.133562787597929	3.26046489250222	3.26046397797621	25.5899213986584
0.0892161359598372	5.27917968725024	5.27919760445301	39.9193640631489
0.00702343554492274	9.00606538080947	9.00606980471533	66.1449418611395
0.0278059510441895	5.34429052255735	5.34427971222614	40.4180012493582
0.0639074648860339	2.63652322285951	2.63650880987357	21.3885649443742
0.0514624946357153	4.46802974711406	4.46802798270256	34.2285457534105
0.102408992698881	3.90406601773129	3.90406933253096	30.0642394225863
0.111812520339788	6.01029868440044	6.01029572508734	45.028728128142
0.0712270413760053	1.34612521758786	1.34610811906806	12.1668333840992
0.0388050930873865	4.59228138133256	4.5922614066062	35.0976988138753
0.0342064295012539	4.71430107189749	4.71431071234664	35.913808256096
0.0722016826423361	6.89600117131248	6.89598465930167	51.2014252758558
0.0337107215024226	5.28099937472567	5.28100955238071	39.8697239737612
0.136022947023459	2.95707352313248	2.95706841886266	23.4570541848328
0.0576019725455291	5.5736607295195	5.57364111851095	41.975300678732
0.0296649099544205	4.57499478875302	4.57498983769385	34.9553702505104
0.0813660207119817	5.056550682691	5.05655139787624	38.1112345641114
0.0942084247779898	5.99273709869109	5.99273735745971	44.6630181641369
0.0132350706077103	8.62511484685094	8.62512046469747	63.3493799957791
0.114796273066074	3.59987145023056	3.59987284910388	28.190451884054
0.0146402567716207	3.73258373622655	3.73258024015816	29.1154814613109
0.0707555251648099	9.04326609939856	9.04326419432375	66.2064875297842
0.124444283147666	1.95537102265251	1.95537455336928	16.40805304444
0.0449583833056261	3.71137338224503	3.71138744160131	28.8911008949741
0.109964811275894	6.14810436257343	6.1480950689017	45.6854939197289
0.0406907565454164	2.64290801308844	2.6429142833622	21.6095736763911
0.0339859595842568	8.58392276435797	8.58390809036263	62.9545259375542
0.00669707495693484	6.64591999721636	6.64592742019637	49.391746771254
0.00254424901707249	7.53718948087793	7.53719157431698	55.7444606399463
0.000228103604844139	6.21545831625448	6.21544881955371	46.4667514008875
0.0439458576712947	4.01568901892196	4.01568299322922	31.071689961228
0.0929243401259837	6.44224588790358	6.4422336734085	47.9388494123537
0.133447701990709	3.42050798907225	3.42051425579558	26.6589073207777
0.0124734692701774	5.13955158218763	5.13954844884648	38.9504975403873
0.12514651436253	3.15904863670121	3.15905682972791	24.9277980331252
0.0486094996729011	2.57122461009213	2.5712216539637	20.8112164115257
0.0174247456203452	5.60238242966048	5.60237456098338	42.0367451370733
0.0472829526352126	2.39717242022991	2.39718333604917	19.6600272282166
0.131335892821583	2.9954912851401	2.99548785163218	23.8394270846903
0.00461840426700234	3.80903981912064	3.8090464987154	29.6646866191024
0.0275613251725427	4.73622097909321	4.7362245824245	35.9759212758902
0.0366868142579705	8.61787881435789	8.61786977615888	63.2264345119814
0.0674920004532099	2.84785032882547	2.84785854879651	22.8704214987217
0.155871391072584	3.13570410679355	3.13573043276725	24.4917218805668
0.00777170713812224	1.92995036468385	1.92994925259631	16.3433078581891
0.0666744561734639	6.74624780146404	6.74626509265004	50.0019187946624
0.0386748179223143	4.48383234938114	4.48382889444404	34.312035614323
0.0341694563331974	5.87166108894197	5.87164866535924	44.1202035996108
0.0430785250915453	7.13149080069405	7.13149858196586	52.8648365760809
0.031141979640123	6.91839979797136	6.91839454893099	51.53769779349
0.0714903709060986	1.26128676003071	1.26128080765664	11.8506092706144
0.114037548974783	7.45352918280022	7.45352842367638	55.044502055915
0.0156029546320973	6.38972956569104	6.38972833284319	47.6960576997956
0.0157630969348491	8.53243987332276	8.53244643651649	62.7214122299818
0.0365095328271541	2.45747981811421	2.45748130384729	20.0530925085192
0.0501020304759965	5.62797296838092	5.62797907525628	42.2598695484023
0.156519525808637	3.71456866519717	3.71456871777923	28.566010203579
0.00610918403886845	9.66677059275734	9.66676864002182	70.5462031830301
0.115355187783331	4.76753543761589	4.76752506937121	35.8561594732942
0.121529384412296	5.93138374096608	5.93137714650904	44.3495877854579
0.0523715616183841	2.33569100085861	2.33569361055821	19.1690551740444
0.0817808852998989	3.89830963624481	3.8983168954041	30.1113957082048
0.0243563687608588	2.36731047644319	2.36730037475363	19.5074217703186
0.0657745673784026	5.38642647505003	5.38642797668185	40.3900987774537
0.144359479064333	2.35518291687252	2.35516474529697	19.2852563541916
0.12106942723677	7.62795103611708	7.62796288858022	56.116884700658
0.0138919011095939	10.1117567035079	10.1117699323117	73.5644163007362
0.041597822597144	3.57414278446593	3.5741316668608	27.8077214944723
0.0454281890251675	2.7969878705473	2.79701989268934	22.6515157476122
0.095202109242788	3.5062501334466	3.50624002484361	27.3970465868575
0.00963786911949264	4.18333239686243	4.18331832202422	32.112990905277
0.13281268005644	11.471524172156	11.47153530076	82.9873527171495
0.0862332760514866	8.35143535585395	8.35143640921263	61.2624579021024
0.0143758638616057	3.94706148113859	3.94707225840058	30.5987914110035
0.00552617185743635	4.10065629137878	4.10067085803767	31.7084445567344
0.0452396605630092	4.38935615252257	4.38936054074415	33.6786476509648
0.00327039227369888	6.00653033426999	6.00652403250515	45.0119551964133
0.0902715163021656	1.59427656318742	1.59427562320796	13.8013691475031
0.0540081104925276	5.09709543642343	5.09711659144349	38.5366748769434
0.000873025006346029	4.15549404020227	4.15548918770144	32.1432658771329
0.0871018327740769	1.15412506802349	1.15410763423159	11.0467894238484
0.0422472537305796	2.37212812946717	2.37211924145116	19.6614707143154
0.0813213634454686	3.66200808807281	3.6620159625679	28.3143965568808
0.0368814968549557	1.45121438594259	1.45122392083	13.133350706275
0.0117125495101364	7.7795758069424	7.77956065616982	57.52297304068
0.109351090796878	4.70168743973357	4.70167938781455	35.7644004373002
0.0565958403246615	4.10868219768327	4.10869860663272	31.4913992934224
0.108089699330432	1.81312479978553	1.81313376669346	15.6429556642166
0.0436278315843246	4.73858994059535	4.73859994919768	35.9662004403873
0.00030896472675082	4.06964039023613	4.06964384061648	31.5163821987408
0.0148454135166936	6.01245842377846	6.01245517884412	44.90958539018
0.00796150254972107	8.84368459401692	8.84367367578955	64.8743298232774
0.0754692357795631	4.06371611770816	4.06371027927825	31.2534677202108
0.0272183686781183	1.9400913920515	1.94010014252336	16.656696326185
0.0596091806296484	4.8782237042658	4.87823175190668	37.2559505173346
0.0946756434361361	7.33878230664449	7.33877122611809	54.1346466241535
0.152874679093931	10.2904106355868	10.2903863344552	74.4397503627837
0.0254600703998893	8.02829197548969	8.02832006366858	59.1883372191272
0.00657030283661275	2.91173592838313	2.91173100823675	23.2263840814361
0.0310112563432517	1.93894237255095	1.93893039744182	16.5269890006029
0.0747273221750258	5.83864158014006	5.8386356566951	43.7875217380818
0.0260857114755076	7.8235653719173	7.8235842991472	57.8735196489615
0.075670422128286	6.20744927236561	6.20744219044526	46.2123409665538
0.160805448592422	4.24052176697181	4.24052910692335	32.3451754297465
0.0368262879560061	1.9972658081824	1.99727563822157	16.8786746929814
0.0160572172708864	2.5173110433628	2.51731433173251	20.5229827480683
0.126123796814727	6.34846446906427	6.3484801636847	47.1895427280366
0.00602847332714236	3.95709984447816	3.95709593904869	30.7362510577499
0.0770229059153643	4.62757261718138	4.62756158563264	35.1771773819311
0.01640885630576	4.16318163854221	4.16318144945878	32.157555041507
0.0124891706852649	3.14159943948465	3.14158816906845	24.9802468888176
0.0212654894851621	7.16799424729769	7.16800379166331	53.232785701789
0.00813895433490047	9.46094868582944	9.46092653253892	69.2313906374885
0.14914568167756	5.8409536004807	5.84093997057757	43.6322306133272
0.0248403181024357	6.07766251336707	6.07764815508082	45.3927600727492
0.0052198937295879	5.74616704711353	5.74616272053908	43.2781540959431
0.00901353257877942	6.86467640742716	6.86467697997192	51.0485856431429
0.046123216978592	3.94364354252054	3.94364732464564	30.5311658515631
0.066335515410171	3.4141373953589	3.41414317154769	26.9316384553655
0.0370887945051423	6.42520804718462	6.42519994960471	48.0639657521459
0.0543800000471132	7.31368679758895	7.31369089295344	54.1692827301246
0.000259393948012105	4.93994510826243	4.93995032678098	37.4947800604264
0.0264752619196164	2.88356905377309	2.88356231580676	23.221261526209
0.210982084529605	4.73962584873527	4.73962222715818	35.8390688906482
0.14928226278906	3.22587900750742	3.22587271233546	25.227658690672
0.174790998292482	8.20182423132826	8.20182274453881	60.0440740515359
0.0536447740869267	7.91592100352533	7.91591776800912	58.4094333447077
0.0365699935662135	8.38055091457611	8.38055050553766	61.7180943012302
0.0100571029306357	11.0869046948686	11.0869066997015	80.6088311611507
0.0683540381022499	3.57981710638498	3.5797928637895	27.9342731324898
0.0747061519998066	6.74422582565506	6.74423727261872	49.9082209211065
0.078979963691435	4.54239329943427	4.54240769901948	34.6815063629845
0.0344583405857794	9.35088418980519	9.3508945925943	68.3068490641807
0.0767501670050855	3.02851560236376	3.02852582844598	24.099725478283
0.01765312427132	3.94256349678309	3.94256962619399	30.7768313796255
0.00682845380288097	4.2659110670179	4.26591530897923	32.8344173537274
0.0174301767828211	5.96252414593908	5.96253382221427	44.7935499342677
0.0843393160473129	5.07480431991669	5.07480998650565	38.3167129127286
0.131139908368463	8.08513995338001	8.08513110787243	59.4362288238883
0.111513427770305	6.01373444037951	6.01373711069977	44.7813977453676
0.143139839905796	4.13913808120893	4.13912984396084	31.6669467155701
0.0218353462260027	6.12168258301063	6.12169187485372	45.7671190706843
0.00256560489754424	5.89860333563689	5.8986015456795	44.2645596133734
0.00655849691761063	5.67897817999629	5.67898345120437	42.6490538502295
0.207520610270701	8.77105666383968	8.77105342291798	64.065784080659
0.100297610208129	9.58059495740997	9.58061861485496	69.9936433334334
0.140652326085896	3.63906511731044	3.63906711868316	28.247707804418
0.163318291736326	6.17708980528947	6.1770890081602	45.9923188290537
0.00362757474717449	5.59055136036609	5.59055787438315	42.1208652398636
0.0039959073479283	3.88562475569995	3.88563127542442	30.1764040144363
0.0680078451786725	2.16233132075782	2.16231127976945	17.9939682521271
0.0392265110465428	10.7851351373489	10.785143161538	78.4760469168244
0.0660276402049357	7.36678114496863	7.36676461697768	54.6185600448769
0.0365996916932347	7.59774798022771	7.59775651370778	56.2769913723141
0.0467906707658058	7.65013872989549	7.65015653918895	56.3508013344424
0.00622994065485395	3.64692944349534	3.64692799653731	28.6383620023628
0.0113900197475177	4.33243388111279	4.33244308144878	33.2807040857168
0.316176297889747	3.86123097289577	3.86122533039754	29.5069004113015
0.0597910865959138	7.06393197305539	7.06392933432221	52.2893852983622
0.0112525858119157	6.98483555075552	6.9848260559553	51.9148435062656
0.01672907425712	4.8806003877919	4.88060233441058	37.0267134756498
0.076210483751115	1.74216447972524	1.74216661627221	15.0988927133681
0.0753124999758448	3.34748381303049	3.34747318234335	26.4419190311903
0.115091902106195	4.49998266270001	4.49998835166275	34.4099526162409
0.0659835159450358	2.14745142258007	2.14743735013499	17.8346595823195
0.0181122966947899	7.81490111897014	7.81489647011335	57.6429217501568
0.023306561952949	4.29321560320083	4.29321737810858	32.8972414998944
0.0136737041910268	3.51790918696618	3.51793003582656	27.4163117283237
0.0023071070415266	4.86704892981377	4.86702901562811	37.0280414659734
0.0345932141525451	4.24946542680695	4.24947298747357	32.7472295418589
0.0863058808896126	11.8102588054211	11.8102531091395	85.4594086670562
0.0463229543186263	1.28682086440148	1.28681382628779	12.0308971460134
0.0297964428368783	3.11516394664419	3.11515801392773	24.7622894522786
0.221758412130881	10.4108592512568	10.4108631900593	75.5554826880778
0.0361659574229571	3.13030468058144	3.13030263356641	24.8332838726775
0.0509747721427867	3.45527942985903	3.45528175228642	27.0810192874828
0.0161973295224103	4.04910940743568	4.04908468959902	31.4044567342594
0.0334155951422853	2.75738674477064	2.75737391447924	22.1679232465543
0.0867828372553877	3.75444294124963	3.75445536192381	29.0881972901511
0.141372597285316	8.97670449927072	8.97670941384445	65.5620429389641
0.038528827154026	5.06083564776632	5.06083854952771	38.3900680432213
0.00811188764569097	4.15461857129334	4.15462303297063	31.8372316271987
0.114410739070139	2.86043032099104	2.86043590259152	22.7159839334994
0.0805915487527938	3.02895970468088	3.02893340386782	24.0808033847356
0.049538477992651	3.48474600143817	3.48474778302455	27.4293165563428
0.0402785297303208	1.64576128709316	1.64577347599321	14.4653910618445
0.0471910933939177	3.48639391983767	3.48639737845735	27.1529498235848
0.00336774892268914	7.04266817156933	7.04263648089879	52.2783849706821
